datetime,date,time,open,high,low,close,volume
2024-01-02 07:00:00,2024-01-02,07:00:00,84.82,85.57,83.49,83.61,1146.0
2024-01-02 08:00:00,2024-01-02,08:00:00,83.55,83.72,81.29,81.97,3750.0
2024-01-02 09:00:00,2024-01-02,09:00:00,81.97,82.22,81.58,81.86,1407.0
2024-01-02 10:00:00,2024-01-02,10:00:00,81.88,81.93,79.78,80.6,3877.0
2024-01-02 11:00:00,2024-01-02,11:00:00,80.62,81.02,80.51,80.69,1638.0
2024-01-02 12:00:00,2024-01-02,12:00:00,80.69,81.23,80.64,81.19,1252.0
2024-01-02 13:00:00,2024-01-02,13:00:00,81.18,81.18,80.69,80.96,1228.0
2024-01-02 14:00:00,2024-01-02,14:00:00,80.92,80.94,78.91,79.46,2606.0
2024-01-02 15:00:00,2024-01-02,15:00:00,79.5,80.1,79.45,80.05,1620.0
2024-01-02 16:00:00,2024-01-02,16:00:00,80.06,80.82,80.04,80.49,2207.0
2024-01-03 07:00:00,2024-01-03,07:00:00,80.49,81.46,80.33,81.38,1436.0
2024-01-03 08:00:00,2024-01-03,08:00:00,81.39,82,81.39,81.88,2093.0
2024-01-03 09:00:00,2024-01-03,09:00:00,81.84,81.92,81.32,81.87,1140.0
2024-01-03 10:00:00,2024-01-03,10:00:00,81.89,81.92,81.1,81.45,890.0
2024-01-03 11:00:00,2024-01-03,11:00:00,81.46,81.94,81.46,81.62,913.0
2024-01-03 12:00:00,2024-01-03,12:00:00,81.64,81.68,81.13,81.51,821.0
2024-01-03 13:00:00,2024-01-03,13:00:00,81.51,81.82,80.92,81.22,889.0
2024-01-03 14:00:00,2024-01-03,14:00:00,81.22,81.77,81.22,81.65,756.0
2024-01-03 15:00:00,2024-01-03,15:00:00,81.61,82.12,81.56,81.76,1445.0
2024-01-03 16:00:00,2024-01-03,16:00:00,81.81,81.99,81.48,81.81,1554.0
2024-01-04 07:00:00,2024-01-04,07:00:00,81.81,82.61,81.73,82.15,1094.0
2024-01-04 08:00:00,2024-01-04,08:00:00,82.19,82.33,81.66,82.06,898.0
2024-01-04 09:00:00,2024-01-04,09:00:00,82.07,82.51,81.67,82.37,1197.0
2024-01-04 10:00:00,2024-01-04,10:00:00,82.42,82.61,81.62,81.84,1610.0
2024-01-04 11:00:00,2024-01-04,11:00:00,81.84,82.13,81.54,81.77,934.0
2024-01-04 12:00:00,2024-01-04,12:00:00,81.76,81.93,81.47,81.7,738.0
2024-01-04 13:00:00,2024-01-04,13:00:00,81.67,81.67,81.03,81.11,1498.0
2024-01-04 14:00:00,2024-01-04,14:00:00,81.11,81.16,79.15,79.74,3768.0
2024-01-04 15:00:00,2024-01-04,15:00:00,79.79,80.29,79.69,80.15,1467.0
2024-01-04 16:00:00,2024-01-04,16:00:00,80.12,80.36,79.76,80.19,1823.0
2024-01-05 07:00:00,2024-01-05,07:00:00,80.17,80.32,79.53,80.08,878.0
2024-01-05 08:00:00,2024-01-05,08:00:00,80.1,81.03,80.1,80.67,2145.0
2024-01-05 09:00:00,2024-01-05,09:00:00,80.7,81.02,80.43,80.64,929.0
2024-01-05 10:00:00,2024-01-05,10:00:00,80.64,80.92,80.31,80.59,937.0
2024-01-05 11:00:00,2024-01-05,11:00:00,80.6,80.97,80.48,80.72,898.0
2024-01-05 12:00:00,2024-01-05,12:00:00,80.76,80.92,80.55,80.55,731.0
2024-01-05 13:00:00,2024-01-05,13:00:00,80.52,81.09,80.42,80.63,1054.0
2024-01-05 14:00:00,2024-01-05,14:00:00,80.63,80.98,80.46,80.94,982.0
2024-01-05 15:00:00,2024-01-05,15:00:00,80.94,80.99,80.39,80.75,851.0
2024-01-05 16:00:00,2024-01-05,16:00:00,80.81,80.82,80.14,80.46,1395.0
2024-01-08 07:00:00,2024-01-08,07:00:00,80.31,80.52,79.72,79.92,1041.0
2024-01-08 08:00:00,2024-01-08,08:00:00,79.9,80.15,79.07,79.28,2048.0
2024-01-08 09:00:00,2024-01-08,09:00:00,79.24,79.52,78.17,78.39,2792.0
2024-01-08 10:00:00,2024-01-08,10:00:00,78.4,78.54,77.6,78.1,2344.0
2024-01-08 11:00:00,2024-01-08,11:00:00,78.12,78.22,77.69,77.96,1170.0
2024-01-08 12:00:00,2024-01-08,12:00:00,77.94,78.01,77.69,77.71,1653.0
2024-01-08 13:00:00,2024-01-08,13:00:00,77.71,78.07,77.69,77.8,1148.0
2024-01-08 14:00:00,2024-01-08,14:00:00,77.79,78.02,77.12,77.52,2238.0
2024-01-08 15:00:00,2024-01-08,15:00:00,77.55,77.7,76.84,76.86,1778.0
2024-01-08 16:00:00,2024-01-08,16:00:00,76.86,76.92,76.25,76.37,3077.0
2024-01-09 07:00:00,2024-01-09,07:00:00,76.31,76.49,75.44,75.81,2131.0
2024-01-09 08:00:00,2024-01-09,08:00:00,75.81,76.76,75.53,76.39,1544.0
2024-01-09 09:00:00,2024-01-09,09:00:00,76.37,76.51,76.06,76.41,1174.0
2024-01-09 10:00:00,2024-01-09,10:00:00,76.41,76.6,76.2,76.28,1434.0
2024-01-09 11:00:00,2024-01-09,11:00:00,76.27,76.52,76.22,76.48,966.0
2024-01-09 12:00:00,2024-01-09,12:00:00,76.45,77.17,76.37,77.04,1707.0
2024-01-09 13:00:00,2024-01-09,13:00:00,76.99,76.99,75.99,76.22,1747.0
2024-01-09 14:00:00,2024-01-09,14:00:00,76.2,76.41,76.09,76.09,2225.0
2024-01-09 15:00:00,2024-01-09,15:00:00,76.09,76.72,75.92,76.23,2111.0
2024-01-09 16:00:00,2024-01-09,16:00:00,76.27,76.65,76.15,76.38,1822.0
2024-01-10 07:00:00,2024-01-10,07:00:00,76.14,77.12,76.14,76.77,1097.0
2024-01-10 08:00:00,2024-01-10,08:00:00,76.85,76.85,75.27,75.51,2351.0
2024-01-10 09:00:00,2024-01-10,09:00:00,75.47,75.53,74.69,74.9,4069.0
2024-01-10 10:00:00,2024-01-10,10:00:00,74.94,75.2,74.82,75.19,1501.0
2024-01-10 11:00:00,2024-01-10,11:00:00,75.19,75.25,75.05,75.07,1277.0
2024-01-10 12:00:00,2024-01-10,12:00:00,75.06,75.13,74.57,74.58,1586.0
2024-01-10 13:00:00,2024-01-10,13:00:00,74.57,74.76,73.57,74.08,3991.0
2024-01-10 14:00:00,2024-01-10,14:00:00,74.08,74.69,73.84,74.39,2241.0
2024-01-10 15:00:00,2024-01-10,15:00:00,74.42,74.45,73.9,73.99,1177.0
2024-01-10 16:00:00,2024-01-10,16:00:00,73.99,74.46,73.99,74.33,2156.0
2024-01-11 07:00:00,2024-01-11,07:00:00,74.4,74.63,73.46,73.69,1456.0
2024-01-11 08:00:00,2024-01-11,08:00:00,73.69,73.92,72.94,73.87,3104.0
2024-01-11 09:00:00,2024-01-11,09:00:00,73.86,73.92,73.37,73.92,1872.0
2024-01-11 10:00:00,2024-01-11,10:00:00,73.9,74.08,73.72,73.75,1544.0
2024-01-11 11:00:00,2024-01-11,11:00:00,73.78,73.82,72.86,72.87,2995.0
2024-01-11 12:00:00,2024-01-11,12:00:00,72.84,72.84,72.08,72.3,3239.0
2024-01-11 13:00:00,2024-01-11,13:00:00,72.25,72.82,72.25,72.77,1955.0
2024-01-11 14:00:00,2024-01-11,14:00:00,72.77,72.82,71.5,71.71,2934.0
2024-01-11 15:00:00,2024-01-11,15:00:00,71.74,72.14,71.3,72.07,2969.0
2024-01-11 16:00:00,2024-01-11,16:00:00,72.03,72.38,71.99,72.22,1931.0
2024-01-12 07:00:00,2024-01-12,07:00:00,72.37,73.77,72.12,72.39,1759.0
2024-01-12 08:00:00,2024-01-12,08:00:00,72.39,72.57,71.81,72.49,1823.0
2024-01-12 09:00:00,2024-01-12,09:00:00,72.47,72.68,72.01,72.58,1436.0
2024-01-12 10:00:00,2024-01-12,10:00:00,72.58,72.62,72.25,72.62,2061.0
2024-01-12 11:00:00,2024-01-12,11:00:00,72.59,72.76,72.39,72.42,1616.0
2024-01-12 12:00:00,2024-01-12,12:00:00,72.42,72.42,71.03,71.24,3229.0
2024-01-12 13:00:00,2024-01-12,13:00:00,71.18,71.27,70.39,70.64,3213.0
2024-01-12 14:00:00,2024-01-12,14:00:00,70.63,70.63,69.05,69.13,5491.0
2024-01-12 15:00:00,2024-01-12,15:00:00,69.18,70.32,69.12,70.11,2513.0
2024-01-12 16:00:00,2024-01-12,16:00:00,70.12,70.37,69.91,70.13,1641.0
2024-01-15 07:00:00,2024-01-15,07:00:00,70.32,70.35,68.93,68.97,1861.0
2024-01-15 08:00:00,2024-01-15,08:00:00,69.01,69.81,69.01,69.44,1918.0
2024-01-15 09:00:00,2024-01-15,09:00:00,69.44,70.27,69.03,70.17,2552.0
2024-01-15 10:00:00,2024-01-15,10:00:00,70.21,70.24,69.63,69.9,1772.0
2024-01-15 11:00:00,2024-01-15,11:00:00,69.93,70.17,69.86,70.09,797.0
2024-01-15 12:00:00,2024-01-15,12:00:00,70.07,70.21,69.04,69.45,2363.0
2024-01-15 13:00:00,2024-01-15,13:00:00,69.47,70.01,69.42,69.89,1728.0
2024-01-15 14:00:00,2024-01-15,14:00:00,69.93,71.07,69.76,70.67,2435.0
2024-01-15 15:00:00,2024-01-15,15:00:00,70.72,71.84,70.46,71.42,3417.0
2024-01-15 16:00:00,2024-01-15,16:00:00,71.4,71.69,71.17,71.22,2577.0
2024-01-16 07:00:00,2024-01-16,07:00:00,71.3,71.72,70.22,70.54,1678.0
2024-01-16 08:00:00,2024-01-16,08:00:00,70.53,70.74,69.92,70.11,2298.0
2024-01-16 09:00:00,2024-01-16,09:00:00,70.08,70.16,69.52,69.72,2427.0
2024-01-16 10:00:00,2024-01-16,10:00:00,69.73,70.06,69.42,69.79,2418.0
2024-01-16 11:00:00,2024-01-16,11:00:00,69.77,70.62,69.34,70.55,2337.0
2024-01-16 12:00:00,2024-01-16,12:00:00,70.51,70.62,70.17,70.6,1358.0
2024-01-16 13:00:00,2024-01-16,13:00:00,70.6,71.16,70.6,71.03,2181.0
2024-01-16 14:00:00,2024-01-16,14:00:00,71.03,71.46,69.96,70.32,2719.0
2024-01-16 15:00:00,2024-01-16,15:00:00,70.33,70.36,69.69,69.69,2025.0
2024-01-16 16:00:00,2024-01-16,16:00:00,69.72,70.02,69.69,69.81,2083.0
2024-01-17 07:00:00,2024-01-17,07:00:00,69.71,70.44,69.21,70.22,1456.0
2024-01-17 08:00:00,2024-01-17,08:00:00,70.18,70.2,68.85,69.44,2688.0
2024-01-17 09:00:00,2024-01-17,09:00:00,69.46,69.95,69.27,69.62,2483.0
2024-01-17 10:00:00,2024-01-17,10:00:00,69.56,70.08,69.09,69.49,2991.0
2024-01-17 11:00:00,2024-01-17,11:00:00,69.45,69.67,69.36,69.54,826.0
2024-01-17 12:00:00,2024-01-17,12:00:00,69.52,69.57,68.22,68.38,3696.0
2024-01-17 13:00:00,2024-01-17,13:00:00,68.38,68.67,67.87,68.1,2963.0
2024-01-17 14:00:00,2024-01-17,14:00:00,68.14,68.25,67.46,67.63,2963.0
2024-01-17 15:00:00,2024-01-17,15:00:00,67.63,67.92,67.18,67.22,2972.0
2024-01-17 16:00:00,2024-01-17,16:00:00,67.26,67.94,67.26,67.63,1903.0
2024-01-18 07:00:00,2024-01-18,07:00:00,67.43,68.2,67.41,67.92,902.0
2024-01-18 08:00:00,2024-01-18,08:00:00,67.91,68.45,67.44,68.05,1920.0
2024-01-18 09:00:00,2024-01-18,09:00:00,68.01,68.29,67.53,67.98,1924.0
2024-01-18 10:00:00,2024-01-18,10:00:00,67.98,68.19,66.78,67.52,2843.0
2024-01-18 11:00:00,2024-01-18,11:00:00,67.47,68.07,67.33,67.65,1204.0
2024-01-18 12:00:00,2024-01-18,12:00:00,67.67,68.07,67.3,67.72,1046.0
2024-01-18 13:00:00,2024-01-18,13:00:00,67.72,67.72,67.08,67.44,1806.0
2024-01-18 14:00:00,2024-01-18,14:00:00,67.47,67.89,67.07,67.31,1869.0
2024-01-18 15:00:00,2024-01-18,15:00:00,67.3,67.51,66.84,67.47,1337.0
2024-01-18 16:00:00,2024-01-18,16:00:00,67.51,67.82,67.28,67.6,1882.0
2024-01-19 07:00:00,2024-01-19,07:00:00,67.69,68.2,67.66,67.81,730.0
2024-01-19 08:00:00,2024-01-19,08:00:00,67.8,67.8,67.32,67.35,1494.0
2024-01-19 09:00:00,2024-01-19,09:00:00,67.35,67.72,67.25,67.61,1529.0
2024-01-19 10:00:00,2024-01-19,10:00:00,67.59,68.67,67.59,67.89,2794.0
2024-01-19 11:00:00,2024-01-19,11:00:00,67.9,68.17,67.87,68.01,1106.0
2024-01-19 12:00:00,2024-01-19,12:00:00,68.01,68.23,67.84,67.88,1238.0
2024-01-19 13:00:00,2024-01-19,13:00:00,67.89,68.05,67.74,67.9,1294.0
2024-01-19 14:00:00,2024-01-19,14:00:00,67.9,68.25,67.83,68.14,1228.0
2024-01-19 15:00:00,2024-01-19,15:00:00,68.16,68.18,67.84,67.93,1393.0
2024-01-19 16:00:00,2024-01-19,16:00:00,67.92,68.11,67.67,67.74,1403.0
2024-01-22 07:00:00,2024-01-22,07:00:00,67.47,67.47,65.72,66.33,2945.0
2024-01-22 08:00:00,2024-01-22,08:00:00,66.33,66.73,66.28,66.35,1908.0
2024-01-22 09:00:00,2024-01-22,09:00:00,66.35,66.59,66.11,66.42,1971.0
2024-01-22 10:00:00,2024-01-22,10:00:00,66.36,66.36,65.74,66.08,2035.0
2024-01-22 11:00:00,2024-01-22,11:00:00,66.09,66.17,65.89,65.96,661.0
2024-01-22 12:00:00,2024-01-22,12:00:00,65.97,66.16,65.52,65.54,1702.0
2024-01-22 13:00:00,2024-01-22,13:00:00,65.57,65.82,65.18,65.36,2577.0
2024-01-22 14:00:00,2024-01-22,14:00:00,65.37,65.91,65.34,65.62,2037.0
2024-01-22 15:00:00,2024-01-22,15:00:00,65.62,66.22,65.61,66.1,1539.0
2024-01-22 16:00:00,2024-01-22,16:00:00,66.11,67.14,66.05,66.73,2728.0
2024-01-23 07:00:00,2024-01-23,07:00:00,66.43,67.03,66.15,66.51,1359.0
2024-01-23 08:00:00,2024-01-23,08:00:00,66.53,68.12,66.3,67.89,3383.0
2024-01-23 09:00:00,2024-01-23,09:00:00,67.94,68.05,66.99,67.22,2823.0
2024-01-23 10:00:00,2024-01-23,10:00:00,67.22,67.58,66.84,66.91,1478.0
2024-01-23 11:00:00,2024-01-23,11:00:00,66.93,67.18,66.47,66.5,953.0
2024-01-23 12:00:00,2024-01-23,12:00:00,66.47,66.68,66.05,66.18,1350.0
2024-01-23 13:00:00,2024-01-23,13:00:00,66.18,67.08,65.92,66.91,1670.0
2024-01-23 14:00:00,2024-01-23,14:00:00,66.88,67.72,66.45,67.72,2097.0
2024-01-23 15:00:00,2024-01-23,15:00:00,67.68,67.82,66.91,66.91,1639.0
2024-01-23 16:00:00,2024-01-23,16:00:00,66.93,67.77,66.93,67.59,2279.0
2024-01-24 07:00:00,2024-01-24,07:00:00,67.68,69.12,67.43,69.06,1820.0
2024-01-24 08:00:00,2024-01-24,08:00:00,69.01,69.32,68.57,69.3,2690.0
2024-01-24 09:00:00,2024-01-24,09:00:00,69.32,69.68,68.72,69.03,2832.0
2024-01-24 10:00:00,2024-01-24,10:00:00,69.1,69.29,68.72,69.16,1681.0
2024-01-24 11:00:00,2024-01-24,11:00:00,69.17,69.19,68.35,68.72,1748.0
2024-01-24 12:00:00,2024-01-24,12:00:00,68.71,69.12,68.32,68.86,1360.0
2024-01-24 13:00:00,2024-01-24,13:00:00,68.9,69.8,68.73,69.42,2724.0
2024-01-24 14:00:00,2024-01-24,14:00:00,69.44,69.77,68.72,69.12,2968.0
2024-01-24 15:00:00,2024-01-24,15:00:00,69.09,69.74,68.87,69.62,1920.0
2024-01-24 16:00:00,2024-01-24,16:00:00,69.67,70.43,69.67,70.12,4107.0
2024-01-25 07:00:00,2024-01-25,07:00:00,70.47,70.75,69.22,70.14,2048.0
2024-01-25 08:00:00,2024-01-25,08:00:00,70.14,70.23,69.12,69.3,1960.0
2024-01-25 09:00:00,2024-01-25,09:00:00,69.26,69.41,68.43,68.69,3221.0
2024-01-25 10:00:00,2024-01-25,10:00:00,68.69,69.07,68.62,68.71,2102.0
2024-01-25 11:00:00,2024-01-25,11:00:00,68.71,68.99,67.49,67.72,3526.0
2024-01-25 12:00:00,2024-01-25,12:00:00,67.7,68.09,67.44,67.52,2190.0
2024-01-25 13:00:00,2024-01-25,13:00:00,67.51,67.93,67.2,67.65,2513.0
2024-01-25 14:00:00,2024-01-25,14:00:00,67.69,67.99,67.35,67.8,1979.0
2024-01-25 15:00:00,2024-01-25,15:00:00,67.78,68.41,67.63,67.96,1655.0
2024-01-25 16:00:00,2024-01-25,16:00:00,67.97,67.97,67.28,67.73,2520.0
2024-01-26 07:00:00,2024-01-26,07:00:00,67.47,67.6,66.32,66.85,1866.0
2024-01-26 08:00:00,2024-01-26,08:00:00,66.89,67.38,66.75,67.26,1633.0
2024-01-26 09:00:00,2024-01-26,09:00:00,67.25,67.85,67.02,67.64,1899.0
2024-01-26 10:00:00,2024-01-26,10:00:00,67.6,68.76,67.6,68.12,2788.0
2024-01-26 11:00:00,2024-01-26,11:00:00,68.08,68.08,67.5,67.83,1240.0
2024-01-26 12:00:00,2024-01-26,12:00:00,67.84,68.01,67.42,67.47,1134.0
2024-01-26 13:00:00,2024-01-26,13:00:00,67.48,67.83,67.42,67.62,1427.0
2024-01-26 14:00:00,2024-01-26,14:00:00,67.65,67.74,67.09,67.29,1797.0
2024-01-26 15:00:00,2024-01-26,15:00:00,67.32,69.47,67.24,68.09,5447.0
2024-01-26 16:00:00,2024-01-26,16:00:00,68.1,68.22,67.32,67.42,1796.0
2024-01-29 07:00:00,2024-01-29,07:00:00,67.92,68.22,67.43,67.48,1670.0
2024-01-29 08:00:00,2024-01-29,08:00:00,67.47,68,67.47,67.98,1212.0
2024-01-29 09:00:00,2024-01-29,09:00:00,67.96,68.45,67.47,67.71,2503.0
2024-01-29 10:00:00,2024-01-29,10:00:00,67.69,67.88,67.07,67.74,3404.0
2024-01-29 11:00:00,2024-01-29,11:00:00,67.72,67.9,67.53,67.59,1291.0
2024-01-29 12:00:00,2024-01-29,12:00:00,67.59,67.87,67.35,67.47,1199.0
2024-01-29 13:00:00,2024-01-29,13:00:00,67.47,67.95,67.4,67.93,1455.0
2024-01-29 14:00:00,2024-01-29,14:00:00,67.95,68.04,67.36,67.46,1490.0
2024-01-29 15:00:00,2024-01-29,15:00:00,67.48,67.53,66.11,66.37,3876.0
2024-01-29 16:00:00,2024-01-29,16:00:00,66.36,66.42,65.89,66.09,3052.0
2024-01-30 07:00:00,2024-01-30,07:00:00,66.03,66.24,65.79,65.93,1495.0
2024-01-30 08:00:00,2024-01-30,08:00:00,65.94,66.32,65.55,66.11,2306.0
2024-01-30 09:00:00,2024-01-30,09:00:00,66.09,66.54,65.97,66.39,2017.0
2024-01-30 10:00:00,2024-01-30,10:00:00,66.38,66.38,65.82,65.89,2269.0
2024-01-30 11:00:00,2024-01-30,11:00:00,65.89,66.8,65.74,66.65,1589.0
2024-01-30 12:00:00,2024-01-30,12:00:00,66.65,67.08,66.37,66.83,1631.0
2024-01-30 13:00:00,2024-01-30,13:00:00,66.82,67.02,66.55,66.94,1678.0
2024-01-30 14:00:00,2024-01-30,14:00:00,66.94,67.17,66.77,66.85,1448.0
2024-01-30 15:00:00,2024-01-30,15:00:00,66.87,67.66,66.84,67.52,2752.0
2024-01-30 16:00:00,2024-01-30,16:00:00,67.53,68.34,67.52,68.34,4114.0
2024-01-31 07:00:00,2024-01-31,07:00:00,68.3,68.97,67.88,68.97,1922.0
2024-01-31 08:00:00,2024-01-31,08:00:00,68.97,69.47,68.53,68.57,2790.0
2024-01-31 09:00:00,2024-01-31,09:00:00,68.53,68.72,68.42,68.7,2043.0
2024-01-31 10:00:00,2024-01-31,10:00:00,68.67,68.82,67.88,68.21,2526.0
2024-01-31 11:00:00,2024-01-31,11:00:00,68.17,68.52,68.02,68.07,1233.0
2024-01-31 12:00:00,2024-01-31,12:00:00,68.07,68.07,67.45,67.64,1798.0
2024-01-31 13:00:00,2024-01-31,13:00:00,67.64,67.85,67.26,67.85,1916.0
2024-01-31 14:00:00,2024-01-31,14:00:00,67.82,68.47,67.81,68.44,1699.0
2024-01-31 15:00:00,2024-01-31,15:00:00,68.44,68.82,68.01,68.15,2035.0
2024-01-31 16:00:00,2024-01-31,16:00:00,68.17,68.76,68.17,68.72,2453.0
2024-02-01 07:00:00,2024-02-01,07:00:00,68.48,69.2,68.12,68.59,1347.0
2024-02-01 08:00:00,2024-02-01,08:00:00,68.63,68.89,67.96,68.22,1876.0
2024-02-01 09:00:00,2024-02-01,09:00:00,68.22,68.47,67.93,68.25,1795.0
2024-02-01 10:00:00,2024-02-01,10:00:00,68.32,68.39,67.07,67.22,4219.0
2024-02-01 11:00:00,2024-02-01,11:00:00,67.19,67.21,66.45,66.64,2545.0
2024-02-01 12:00:00,2024-02-01,12:00:00,66.63,67.06,66.59,66.89,1654.0
2024-02-01 13:00:00,2024-02-01,13:00:00,66.87,67.05,66.57,66.92,1400.0
2024-02-01 14:00:00,2024-02-01,14:00:00,66.96,67.55,66.78,66.96,2089.0
2024-02-01 15:00:00,2024-02-01,15:00:00,66.99,67.38,66.83,67,1416.0
2024-02-01 16:00:00,2024-02-01,16:00:00,66.98,66.98,66.4,66.64,2509.0
2024-02-02 07:00:00,2024-02-02,07:00:00,66.29,67.13,66.22,67,1191.0
2024-02-02 08:00:00,2024-02-02,08:00:00,67,67.47,66.76,67.4,1635.0
2024-02-02 09:00:00,2024-02-02,09:00:00,67.33,67.76,67.07,67.51,1727.0
2024-02-02 10:00:00,2024-02-02,10:00:00,67.51,67.7,67.07,67.57,1709.0
2024-02-02 11:00:00,2024-02-02,11:00:00,67.59,68.18,67.59,67.99,1782.0
2024-02-02 12:00:00,2024-02-02,12:00:00,67.97,68.11,67.53,67.82,1798.0
2024-02-02 13:00:00,2024-02-02,13:00:00,67.8,68.44,67.71,67.86,1865.0
2024-02-02 14:00:00,2024-02-02,14:00:00,67.87,68.28,67.84,68.22,1088.0
2024-02-02 15:00:00,2024-02-02,15:00:00,68.21,68.7,67.75,67.77,1924.0
2024-02-02 16:00:00,2024-02-02,16:00:00,67.74,67.96,67.52,67.82,2050.0
2024-02-05 07:00:00,2024-02-05,07:00:00,68.12,68.77,67.72,68.03,1465.0
2024-02-05 08:00:00,2024-02-05,08:00:00,68.01,68.52,67.72,67.85,1620.0
2024-02-05 09:00:00,2024-02-05,09:00:00,67.87,67.89,67.09,67.22,2957.0
2024-02-05 10:00:00,2024-02-05,10:00:00,67.17,67.51,66.84,66.89,2137.0
2024-02-05 11:00:00,2024-02-05,11:00:00,66.9,67.1,66.82,66.93,1248.0
2024-02-05 12:00:00,2024-02-05,12:00:00,66.92,66.93,66.55,66.69,1477.0
2024-02-05 13:00:00,2024-02-05,13:00:00,66.7,67.49,66.39,67.42,2037.0
2024-02-05 14:00:00,2024-02-05,14:00:00,67.46,67.53,66.84,66.85,1406.0
2024-02-05 15:00:00,2024-02-05,15:00:00,66.84,67.03,66.47,66.7,1747.0
2024-02-05 16:00:00,2024-02-05,16:00:00,66.69,67.23,66.47,66.91,2188.0
2024-02-06 07:00:00,2024-02-06,07:00:00,67.11,67.11,66.46,66.77,1228.0
2024-02-06 08:00:00,2024-02-06,08:00:00,66.75,66.92,66.32,66.85,2125.0
2024-02-06 09:00:00,2024-02-06,09:00:00,66.86,66.88,66.39,66.77,2064.0
2024-02-06 10:00:00,2024-02-06,10:00:00,66.78,67.71,66.72,67.19,2813.0
2024-02-06 11:00:00,2024-02-06,11:00:00,67.14,67.59,67.12,67.4,958.0
2024-02-06 12:00:00,2024-02-06,12:00:00,67.38,67.82,67.31,67.73,1372.0
2024-02-06 13:00:00,2024-02-06,13:00:00,67.72,68.03,67.68,67.7,2206.0
2024-02-06 14:00:00,2024-02-06,14:00:00,67.71,68.12,67.51,67.93,1898.0
2024-02-06 15:00:00,2024-02-06,15:00:00,67.92,68.29,67.9,68.06,1610.0
2024-02-06 16:00:00,2024-02-06,16:00:00,68.06,68.15,67.69,67.81,1876.0
2024-02-07 07:00:00,2024-02-07,07:00:00,67.67,67.82,67.04,67.26,1567.0
2024-02-07 08:00:00,2024-02-07,08:00:00,67.25,67.75,67.13,67.43,1759.0
2024-02-07 09:00:00,2024-02-07,09:00:00,67.44,67.62,67.14,67.54,1824.0
2024-02-07 10:00:00,2024-02-07,10:00:00,67.56,67.63,67.35,67.52,1109.0
2024-02-07 11:00:00,2024-02-07,11:00:00,67.49,67.72,67.36,67.7,876.0
2024-02-07 12:00:00,2024-02-07,12:00:00,67.69,68.02,67.38,67.45,1917.0
2024-02-07 13:00:00,2024-02-07,13:00:00,67.46,67.48,66.63,66.99,3688.0
2024-02-07 14:00:00,2024-02-07,14:00:00,66.99,67,66.71,66.73,1405.0
2024-02-07 15:00:00,2024-02-07,15:00:00,66.74,66.97,66.59,66.69,1361.0
2024-02-07 16:00:00,2024-02-07,16:00:00,66.69,66.87,66.56,66.64,1844.0
2024-02-08 07:00:00,2024-02-08,07:00:00,66.82,66.82,66.12,66.2,2193.0
2024-02-08 08:00:00,2024-02-08,08:00:00,66.18,66.46,65.88,65.94,2748.0
2024-02-08 09:00:00,2024-02-08,09:00:00,65.94,66.42,65.88,66.37,1858.0
2024-02-08 10:00:00,2024-02-08,10:00:00,66.37,66.46,65.88,65.92,1992.0
2024-02-08 11:00:00,2024-02-08,11:00:00,65.93,66.04,64.58,65.3,7891.0
2024-02-08 12:00:00,2024-02-08,12:00:00,65.3,65.53,64.87,65.4,1791.0
2024-02-08 13:00:00,2024-02-08,13:00:00,65.38,65.52,65.02,65.17,1743.0
2024-02-08 14:00:00,2024-02-08,14:00:00,65.14,65.79,65.06,65.12,1926.0
2024-02-08 15:00:00,2024-02-08,15:00:00,65.12,65.2,64.84,65.12,1709.0
2024-02-08 16:00:00,2024-02-08,16:00:00,65.11,65.22,65,65.03,1608.0
2024-02-09 07:00:00,2024-02-09,07:00:00,65,65,64.32,64.71,2059.0
2024-02-09 08:00:00,2024-02-09,08:00:00,64.73,64.82,63.67,63.9,4605.0
2024-02-09 09:00:00,2024-02-09,09:00:00,63.88,64.07,63.76,63.94,1790.0
2024-02-09 10:00:00,2024-02-09,10:00:00,63.95,63.97,63.58,63.8,2545.0
2024-02-09 11:00:00,2024-02-09,11:00:00,63.8,64.11,63.73,63.89,2076.0
2024-02-09 12:00:00,2024-02-09,12:00:00,63.87,63.87,63.14,63.23,2086.0
2024-02-09 13:00:00,2024-02-09,13:00:00,63.23,63.43,62.61,62.62,3750.0
2024-02-09 14:00:00,2024-02-09,14:00:00,62.62,63.02,62.52,62.86,2629.0
2024-02-09 15:00:00,2024-02-09,15:00:00,62.8,63.07,62.59,62.9,1524.0
2024-02-09 16:00:00,2024-02-09,16:00:00,62.88,63.3,62.84,63.12,2326.0
2024-02-12 07:00:00,2024-02-12,07:00:00,62.96,63.13,62.17,62.72,1937.0
2024-02-12 08:00:00,2024-02-12,08:00:00,62.73,63.01,62.27,62.47,2000.0
2024-02-12 09:00:00,2024-02-12,09:00:00,62.45,62.57,62.19,62.38,2461.0
2024-02-12 10:00:00,2024-02-12,10:00:00,62.37,62.57,62.18,62.51,1692.0
2024-02-12 11:00:00,2024-02-12,11:00:00,62.49,62.61,62.22,62.26,874.0
2024-02-12 12:00:00,2024-02-12,12:00:00,62.24,62.34,61.57,61.73,2827.0
2024-02-12 13:00:00,2024-02-12,13:00:00,61.73,62.15,61.66,62.01,2017.0
2024-02-12 14:00:00,2024-02-12,14:00:00,62.02,62.05,61.34,61.41,2500.0
2024-02-12 15:00:00,2024-02-12,15:00:00,61.45,61.6,60.91,61.24,3945.0
2024-02-12 16:00:00,2024-02-12,16:00:00,61.23,61.57,61.01,61.52,2932.0
2024-02-13 07:00:00,2024-02-13,07:00:00,61.52,62.32,61.35,61.77,1820.0
2024-02-13 08:00:00,2024-02-13,08:00:00,61.81,62.01,61.37,61.44,1930.0
2024-02-13 09:00:00,2024-02-13,09:00:00,61.44,61.44,60.36,60.38,4682.0
2024-02-13 10:00:00,2024-02-13,10:00:00,60.39,61.26,60.35,60.88,2869.0
2024-02-13 11:00:00,2024-02-13,11:00:00,60.87,61.12,60.47,60.68,1016.0
2024-02-13 12:00:00,2024-02-13,12:00:00,60.67,61.08,60.6,60.66,1009.0
2024-02-13 13:00:00,2024-02-13,13:00:00,60.67,60.95,60.34,60.38,2140.0
2024-02-13 14:00:00,2024-02-13,14:00:00,60.42,60.6,60.21,60.32,2245.0
2024-02-13 15:00:00,2024-02-13,15:00:00,60.33,60.72,59.93,60.49,2599.0
2024-02-13 16:00:00,2024-02-13,16:00:00,60.52,61.07,60.42,60.97,2417.0
2024-02-14 07:00:00,2024-02-14,07:00:00,60.97,60.97,59.87,60.39,1848.0
2024-02-14 08:00:00,2024-02-14,08:00:00,60.42,60.44,59.73,59.85,2195.0
2024-02-14 09:00:00,2024-02-14,09:00:00,59.85,60.29,59.75,60.15,2352.0
2024-02-14 10:00:00,2024-02-14,10:00:00,60.15,60.63,59.96,60.27,2400.0
2024-02-14 11:00:00,2024-02-14,11:00:00,60.27,61.22,60.25,61.06,2070.0
2024-02-14 12:00:00,2024-02-14,12:00:00,61.05,61.9,60.97,61.27,3671.0
2024-02-14 13:00:00,2024-02-14,13:00:00,61.24,61.5,60.59,60.89,2428.0
2024-02-14 14:00:00,2024-02-14,14:00:00,60.89,60.89,60.22,60.44,1921.0
2024-02-14 15:00:00,2024-02-14,15:00:00,60.44,60.62,60.23,60.49,1327.0
2024-02-14 16:00:00,2024-02-14,16:00:00,60.48,61.21,60.48,60.76,2436.0
2024-02-15 07:00:00,2024-02-15,07:00:00,60.76,60.9,60.45,60.62,660.0
2024-02-15 08:00:00,2024-02-15,08:00:00,60.58,61.55,60.52,61.27,2911.0
2024-02-15 09:00:00,2024-02-15,09:00:00,61.26,61.29,60.61,60.9,1826.0
2024-02-15 10:00:00,2024-02-15,10:00:00,60.86,62.12,60.86,61.97,2889.0
2024-02-15 11:00:00,2024-02-15,11:00:00,61.96,62.92,61.86,62.47,3087.0
2024-02-15 12:00:00,2024-02-15,12:00:00,62.51,62.52,62.14,62.48,2044.0
2024-02-15 13:00:00,2024-02-15,13:00:00,62.46,63.06,62.24,62.8,3010.0
2024-02-15 14:00:00,2024-02-15,14:00:00,62.78,63.37,62.78,63.09,4870.0
2024-02-15 15:00:00,2024-02-15,15:00:00,63.09,63.09,61.99,62.37,3451.0
2024-02-15 16:00:00,2024-02-15,16:00:00,62.36,62.66,62.13,62.27,2422.0
2024-02-16 07:00:00,2024-02-16,07:00:00,62.18,62.53,61.7,62.33,1321.0
2024-02-16 08:00:00,2024-02-16,08:00:00,62.34,62.53,61.72,61.74,1512.0
2024-02-16 09:00:00,2024-02-16,09:00:00,61.74,61.95,61.15,61.53,2642.0
2024-02-16 10:00:00,2024-02-16,10:00:00,61.56,61.57,60.77,60.9,2768.0
2024-02-16 11:00:00,2024-02-16,11:00:00,60.9,61.27,60.66,60.75,1685.0
2024-02-16 12:00:00,2024-02-16,12:00:00,60.74,61.09,60.59,60.62,1559.0
2024-02-16 13:00:00,2024-02-16,13:00:00,60.62,60.97,60.62,60.9,1571.0
2024-02-16 14:00:00,2024-02-16,14:00:00,60.92,61.27,60.76,60.84,1516.0
2024-02-16 15:00:00,2024-02-16,15:00:00,60.83,61.32,60.83,61.26,1791.0
2024-02-16 16:00:00,2024-02-16,16:00:00,61.28,61.58,61.14,61.43,2254.0
2024-02-19 07:00:00,2024-02-19,07:00:00,61.43,61.43,60.06,60.19,1373.0
2024-02-19 08:00:00,2024-02-19,08:00:00,60.23,60.43,59.42,59.42,2775.0
2024-02-19 09:00:00,2024-02-19,09:00:00,59.42,59.77,59.36,59.44,1993.0
2024-02-19 10:00:00,2024-02-19,10:00:00,59.41,59.41,58.49,58.57,4254.0
2024-02-19 11:00:00,2024-02-19,11:00:00,58.59,58.77,58.22,58.31,2968.0
2024-02-19 12:00:00,2024-02-19,12:00:00,58.29,58.79,58.12,58.26,2683.0
2024-02-19 13:00:00,2024-02-19,13:00:00,58.22,58.42,57.69,58.07,3166.0
2024-02-19 14:00:00,2024-02-19,14:00:00,58.08,58.2,57.64,57.65,2512.0
2024-02-19 15:00:00,2024-02-19,15:00:00,57.65,58.22,57.57,58.02,2528.0
2024-02-19 16:00:00,2024-02-19,16:00:00,58.03,58.06,57.22,57.46,3695.0
2024-02-20 07:00:00,2024-02-20,07:00:00,57.82,58.24,57.37,58.12,1761.0
2024-02-20 08:00:00,2024-02-20,08:00:00,58.1,58.57,57.57,57.81,3306.0
2024-02-20 09:00:00,2024-02-20,09:00:00,57.82,58.02,57.62,57.8,2245.0
2024-02-20 10:00:00,2024-02-20,10:00:00,57.84,58.87,57.82,58.24,2612.0
2024-02-20 11:00:00,2024-02-20,11:00:00,58.24,58.43,58,58.08,1133.0
2024-02-20 12:00:00,2024-02-20,12:00:00,58.05,58.22,56.58,56.58,3179.0
2024-02-20 13:00:00,2024-02-20,13:00:00,56.57,57.23,56.04,57.22,4546.0
2024-02-20 14:00:00,2024-02-20,14:00:00,57.22,59.02,57.08,58.93,4464.0
2024-02-20 15:00:00,2024-02-20,15:00:00,58.92,59.39,58.51,58.82,3558.0
2024-02-20 16:00:00,2024-02-20,16:00:00,58.79,58.81,58.35,58.53,2334.0
2024-02-21 07:00:00,2024-02-21,07:00:00,58.37,59.3,58.37,58.65,1260.0
2024-02-21 08:00:00,2024-02-21,08:00:00,58.6,58.73,57.64,58.28,2128.0
2024-02-21 09:00:00,2024-02-21,09:00:00,58.23,58.52,57.74,57.92,1716.0
2024-02-21 10:00:00,2024-02-21,10:00:00,57.96,58.17,57.59,57.77,1711.0
2024-02-21 11:00:00,2024-02-21,11:00:00,57.79,58.17,57.69,57.77,1235.0
2024-02-21 12:00:00,2024-02-21,12:00:00,57.75,58.27,57.72,58.01,1029.0
2024-02-21 13:00:00,2024-02-21,13:00:00,58.03,59.12,58.01,58.95,2840.0
2024-02-21 14:00:00,2024-02-21,14:00:00,58.92,59,58.22,58.45,2382.0
2024-02-21 15:00:00,2024-02-21,15:00:00,58.48,58.92,58.36,58.82,1623.0
2024-02-21 16:00:00,2024-02-21,16:00:00,58.84,59.06,58.75,58.83,1806.0
2024-02-22 07:00:00,2024-02-22,07:00:00,58.63,58.8,57.87,58.47,1643.0
2024-02-22 08:00:00,2024-02-22,08:00:00,58.46,58.81,58.15,58.23,1875.0
2024-02-22 09:00:00,2024-02-22,09:00:00,58.22,58.22,57.59,57.6,2832.0
2024-02-22 10:00:00,2024-02-22,10:00:00,57.61,57.68,56.96,57.25,3500.0
2024-02-22 11:00:00,2024-02-22,11:00:00,57.24,57.77,57.03,57.7,1398.0
2024-02-22 12:00:00,2024-02-22,12:00:00,57.68,57.78,57.24,57.24,1458.0
2024-02-22 13:00:00,2024-02-22,13:00:00,57.24,57.44,56.87,57.12,2306.0
2024-02-22 14:00:00,2024-02-22,14:00:00,57.13,57.32,56.88,56.92,1705.0
2024-02-22 15:00:00,2024-02-22,15:00:00,56.95,57.4,56.69,57.38,2243.0
2024-02-22 16:00:00,2024-02-22,16:00:00,57.39,57.42,56.77,56.91,2578.0
2024-02-23 07:00:00,2024-02-23,07:00:00,57.12,57.33,56.44,56.71,1413.0
2024-02-23 08:00:00,2024-02-23,08:00:00,56.7,56.95,56.28,56.48,1620.0
2024-02-23 09:00:00,2024-02-23,09:00:00,56.47,56.62,55.67,55.78,3403.0
2024-02-23 10:00:00,2024-02-23,10:00:00,55.78,56.22,55.42,55.9,3594.0
2024-02-23 11:00:00,2024-02-23,11:00:00,55.93,56.04,55.81,55.87,1962.0
2024-02-23 12:00:00,2024-02-23,12:00:00,55.85,55.92,55.4,55.82,3127.0
2024-02-23 13:00:00,2024-02-23,13:00:00,55.82,55.94,55.62,55.92,1823.0
2024-02-23 14:00:00,2024-02-23,14:00:00,55.93,56.58,55.74,56.52,2468.0
2024-02-23 15:00:00,2024-02-23,15:00:00,56.52,56.8,56.2,56.5,2469.0
2024-02-23 16:00:00,2024-02-23,16:00:00,56.51,57.03,56.47,56.83,3013.0
2024-02-26 07:00:00,2024-02-26,07:00:00,56.48,56.98,55.87,56.36,2027.0
2024-02-26 08:00:00,2024-02-26,08:00:00,56.4,56.55,55.87,56.36,1299.0
2024-02-26 09:00:00,2024-02-26,09:00:00,56.33,56.79,56.09,56.63,2308.0
2024-02-26 10:00:00,2024-02-26,10:00:00,56.6,58.22,56.57,57.57,3981.0
2024-02-26 11:00:00,2024-02-26,11:00:00,57.56,57.87,57.38,57.69,932.0
2024-02-26 12:00:00,2024-02-26,12:00:00,57.69,57.77,57.18,57.5,1612.0
2024-02-26 13:00:00,2024-02-26,13:00:00,57.51,58.65,57.5,58.22,2901.0
2024-02-26 14:00:00,2024-02-26,14:00:00,58.23,58.44,57.62,58.32,2530.0
2024-02-26 15:00:00,2024-02-26,15:00:00,58.33,58.87,58.17,58.25,2979.0
2024-02-26 16:00:00,2024-02-26,16:00:00,58.28,58.45,57.96,58.15,2603.0
2024-02-27 07:00:00,2024-02-27,07:00:00,58.08,58.19,57.47,57.52,1486.0
2024-02-27 08:00:00,2024-02-27,08:00:00,57.52,57.8,57.22,57.62,1893.0
2024-02-27 09:00:00,2024-02-27,09:00:00,57.61,57.82,57.37,57.43,2318.0
2024-02-27 10:00:00,2024-02-27,10:00:00,57.44,57.48,57.07,57.22,3364.0
2024-02-27 11:00:00,2024-02-27,11:00:00,57.21,57.36,56.77,57.27,2553.0
2024-02-27 12:00:00,2024-02-27,12:00:00,57.27,57.77,56.85,57.57,2380.0
2024-02-27 13:00:00,2024-02-27,13:00:00,57.6,58.69,57.6,58.63,3761.0
2024-02-27 14:00:00,2024-02-27,14:00:00,58.67,59.42,58.54,59.22,4641.0
2024-02-27 15:00:00,2024-02-27,15:00:00,59.22,60.54,59.08,59.78,3874.0
2024-02-27 16:00:00,2024-02-27,16:00:00,59.75,60.58,59.66,60.28,3348.0
2024-02-28 07:00:00,2024-02-28,07:00:00,60.52,61.54,60.23,60.46,2821.0
2024-02-28 08:00:00,2024-02-28,08:00:00,60.5,60.92,59.94,60.5,2958.0
2024-02-28 09:00:00,2024-02-28,09:00:00,60.49,60.5,59.77,60.13,2734.0
2024-02-28 10:00:00,2024-02-28,10:00:00,60.17,61.9,60.17,61.72,5982.0
2024-02-28 11:00:00,2024-02-28,11:00:00,61.69,62,61.23,61.96,2318.0
2024-02-28 12:00:00,2024-02-28,12:00:00,61.94,62.02,61.51,61.51,1794.0
2024-02-28 13:00:00,2024-02-28,13:00:00,61.54,62.55,61.37,62.31,5053.0
2024-02-28 14:00:00,2024-02-28,14:00:00,62.3,63.12,62.07,63.02,3854.0
2024-02-28 15:00:00,2024-02-28,15:00:00,63.02,63.2,62.32,62.38,4051.0
2024-02-28 16:00:00,2024-02-28,16:00:00,62.4,62.45,61.42,61.53,4844.0
2024-02-29 07:00:00,2024-02-29,07:00:00,61.85,61.98,61.07,61.47,2047.0
2024-02-29 08:00:00,2024-02-29,08:00:00,61.45,61.71,61.07,61.58,2474.0
2024-02-29 09:00:00,2024-02-29,09:00:00,61.58,62.15,61.32,61.36,2319.0
2024-02-29 10:00:00,2024-02-29,10:00:00,61.36,61.43,60.07,60.39,5040.0
2024-02-29 11:00:00,2024-02-29,11:00:00,60.35,60.42,59.67,59.91,2308.0
2024-02-29 12:00:00,2024-02-29,12:00:00,59.88,60.2,59.57,59.72,2200.0
2024-02-29 13:00:00,2024-02-29,13:00:00,59.7,60.76,59.63,60.66,2741.0
2024-02-29 14:00:00,2024-02-29,14:00:00,60.7,60.85,59.97,60.24,2450.0
2024-02-29 15:00:00,2024-02-29,15:00:00,60.21,60.55,59.9,60.47,1781.0
2024-02-29 16:00:00,2024-02-29,16:00:00,60.47,60.95,60.18,60.76,2313.0
2024-03-01 07:00:00,2024-03-01,07:00:00,60.35,60.95,60.35,60.79,1292.0
2024-03-01 08:00:00,2024-03-01,08:00:00,60.8,61.17,59.37,59.48,4484.0
2024-03-01 09:00:00,2024-03-01,09:00:00,59.5,59.97,59.37,59.95,2925.0
2024-03-01 10:00:00,2024-03-01,10:00:00,59.96,60.21,59.62,60.03,2124.0
2024-03-01 11:00:00,2024-03-01,11:00:00,60.03,60.72,60.03,60.35,1677.0
2024-03-01 12:00:00,2024-03-01,12:00:00,60.35,60.69,60.32,60.52,1699.0
2024-03-01 13:00:00,2024-03-01,13:00:00,60.55,60.69,60.22,60.53,1482.0
2024-03-01 14:00:00,2024-03-01,14:00:00,60.51,61.04,60.33,60.53,2117.0
2024-03-01 15:00:00,2024-03-01,15:00:00,60.52,60.67,60.04,60.49,1695.0
2024-03-01 16:00:00,2024-03-01,16:00:00,60.49,60.91,60.43,60.63,2283.0
2024-03-04 07:00:00,2024-03-04,07:00:00,60.67,60.92,58.61,58.73,2293.0
2024-03-04 08:00:00,2024-03-04,08:00:00,58.79,59.1,58.14,58.16,3480.0
2024-03-04 09:00:00,2024-03-04,09:00:00,58.15,58.7,58.07,58.39,2810.0
2024-03-04 10:00:00,2024-03-04,10:00:00,58.36,58.37,57.74,58.21,3917.0
2024-03-04 11:00:00,2024-03-04,11:00:00,58.21,58.97,58.19,58.76,2376.0
2024-03-04 12:00:00,2024-03-04,12:00:00,58.74,58.98,58.52,58.71,1164.0
2024-03-04 13:00:00,2024-03-04,13:00:00,58.71,59.69,58.71,59.64,3375.0
2024-03-04 14:00:00,2024-03-04,14:00:00,59.66,61.67,59.44,61.05,4638.0
2024-03-04 15:00:00,2024-03-04,15:00:00,61.05,62.12,60.78,61.36,3873.0
2024-03-04 16:00:00,2024-03-04,16:00:00,61.36,61.68,61.19,61.6,2841.0
2024-03-05 07:00:00,2024-03-05,07:00:00,61.6,63.12,61.02,63.02,3577.0
2024-03-05 08:00:00,2024-03-05,08:00:00,63.01,63.96,62.68,63.37,5018.0
2024-03-05 09:00:00,2024-03-05,09:00:00,63.33,64.59,63.22,64.27,5465.0
2024-03-05 10:00:00,2024-03-05,10:00:00,64.24,65.71,64.17,64.62,9102.0
2024-03-05 11:00:00,2024-03-05,11:00:00,64.61,65.11,64.33,64.89,3652.0
2024-03-05 12:00:00,2024-03-05,12:00:00,64.92,65.22,63.82,64.14,3363.0
2024-03-05 13:00:00,2024-03-05,13:00:00,64.14,65.09,64.09,64.78,3781.0
2024-03-05 14:00:00,2024-03-05,14:00:00,64.77,65.31,64.24,65.1,3675.0
2024-03-05 15:00:00,2024-03-05,15:00:00,65.09,65.35,64.62,65.29,4097.0
2024-03-05 16:00:00,2024-03-05,16:00:00,65.28,65.28,64.24,64.32,5333.0
2024-03-06 07:00:00,2024-03-06,07:00:00,64.57,64.98,62.37,62.88,4609.0
2024-03-06 08:00:00,2024-03-06,08:00:00,62.84,64.43,62.69,64.42,3322.0
2024-03-06 09:00:00,2024-03-06,09:00:00,64.42,66.19,64.31,65.89,6910.0
2024-03-06 10:00:00,2024-03-06,10:00:00,65.9,67.12,65.9,66.35,5698.0
2024-03-06 11:00:00,2024-03-06,11:00:00,66.39,66.85,66.22,66.69,2576.0
2024-03-06 12:00:00,2024-03-06,12:00:00,66.69,66.69,65.99,66.21,2694.0
2024-03-06 13:00:00,2024-03-06,13:00:00,66.22,66.46,65.54,66.08,3659.0
2024-03-06 14:00:00,2024-03-06,14:00:00,66.06,66.14,63.39,63.62,5862.0
2024-03-06 15:00:00,2024-03-06,15:00:00,63.62,64.37,63.32,63.52,3390.0
2024-03-06 16:00:00,2024-03-06,16:00:00,63.51,64,62.92,63.11,3967.0
2024-03-07 07:00:00,2024-03-07,07:00:00,63.11,63.62,62.47,62.49,2615.0
2024-03-07 08:00:00,2024-03-07,08:00:00,62.48,63.16,61.72,62.97,4094.0
2024-03-07 09:00:00,2024-03-07,09:00:00,62.99,64.12,62.97,63.66,3479.0
2024-03-07 10:00:00,2024-03-07,10:00:00,63.67,64.62,62.99,63.94,5443.0
2024-03-07 11:00:00,2024-03-07,11:00:00,63.95,65.17,63.52,65.16,3483.0
2024-03-07 12:00:00,2024-03-07,12:00:00,65.15,65.41,64.89,65.17,3038.0
2024-03-07 13:00:00,2024-03-07,13:00:00,65.17,65.34,64.66,64.81,2186.0
2024-03-07 14:00:00,2024-03-07,14:00:00,64.83,64.94,63.57,64.05,4520.0
2024-03-07 15:00:00,2024-03-07,15:00:00,64.07,64.13,63.07,63.4,2830.0
2024-03-07 16:00:00,2024-03-07,16:00:00,63.35,64.01,63.23,63.76,2188.0
2024-03-08 07:00:00,2024-03-08,07:00:00,63.32,63.87,62.77,63.21,1846.0
2024-03-08 08:00:00,2024-03-08,08:00:00,63.2,64.23,62.94,64.22,2228.0
2024-03-08 09:00:00,2024-03-08,09:00:00,64.22,64.56,63.52,63.61,2478.0
2024-03-08 10:00:00,2024-03-08,10:00:00,63.62,63.87,63.34,63.74,1647.0
2024-03-08 11:00:00,2024-03-08,11:00:00,63.7,63.86,62.92,63.09,1910.0
2024-03-08 12:00:00,2024-03-08,12:00:00,63.06,63.29,62.67,62.77,2024.0
2024-03-08 13:00:00,2024-03-08,13:00:00,62.79,63.18,62.63,62.69,1604.0
2024-03-08 14:00:00,2024-03-08,14:00:00,62.71,62.72,62.17,62.4,2539.0
2024-03-08 15:00:00,2024-03-08,15:00:00,62.4,62.57,62.12,62.39,1488.0
2024-03-08 16:00:00,2024-03-08,16:00:00,62.41,63.09,62.41,62.82,2522.0
2024-03-11 07:00:00,2024-03-11,07:00:00,62.32,62.54,61.57,62.42,2043.0
2024-03-11 08:00:00,2024-03-11,08:00:00,62.42,62.71,61.14,61.25,3150.0
2024-03-11 09:00:00,2024-03-11,09:00:00,61.2,61.37,60.83,60.92,3289.0
2024-03-11 10:00:00,2024-03-11,10:00:00,60.92,61.57,60.67,61.18,3781.0
2024-03-11 11:00:00,2024-03-11,11:00:00,61.14,61.41,60.58,60.72,1598.0
2024-03-11 12:00:00,2024-03-11,12:00:00,60.7,60.91,60.17,60.22,3053.0
2024-03-11 13:00:00,2024-03-11,13:00:00,60.2,60.72,60.12,60.38,2513.0
2024-03-11 14:00:00,2024-03-11,14:00:00,60.37,60.61,60.09,60.46,1863.0
2024-03-11 15:00:00,2024-03-11,15:00:00,60.44,60.88,60.34,60.77,2384.0
2024-03-11 16:00:00,2024-03-11,16:00:00,60.82,60.82,60.37,60.45,1918.0
2024-03-12 07:00:00,2024-03-12,07:00:00,60.58,60.77,59.69,59.85,2412.0
2024-03-12 08:00:00,2024-03-12,08:00:00,59.86,60.21,59.53,59.68,2603.0
2024-03-12 09:00:00,2024-03-12,09:00:00,59.62,60.01,59.6,59.91,2448.0
2024-03-12 10:00:00,2024-03-12,10:00:00,59.97,61.11,59.94,60.49,4632.0
2024-03-12 11:00:00,2024-03-12,11:00:00,60.49,60.62,59.91,59.96,1787.0
2024-03-12 12:00:00,2024-03-12,12:00:00,59.92,60.22,59.87,60.16,1558.0
2024-03-12 13:00:00,2024-03-12,13:00:00,60.15,60.5,60.07,60.25,1814.0
2024-03-12 14:00:00,2024-03-12,14:00:00,60.23,60.82,59.89,60.5,2596.0
2024-03-12 15:00:00,2024-03-12,15:00:00,60.51,61.17,60.47,60.82,2280.0
2024-03-12 16:00:00,2024-03-12,16:00:00,60.8,61.4,60.69,61.32,3012.0
2024-03-13 07:00:00,2024-03-13,07:00:00,61.18,62.08,60.62,61.75,2071.0
2024-03-13 08:00:00,2024-03-13,08:00:00,61.77,62.24,61.32,61.52,2175.0
2024-03-13 09:00:00,2024-03-13,09:00:00,61.52,61.55,60.82,60.96,2438.0
2024-03-13 10:00:00,2024-03-13,10:00:00,60.95,61.23,60.47,60.71,2832.0
2024-03-13 11:00:00,2024-03-13,11:00:00,60.72,60.96,60.48,60.88,1828.0
2024-03-13 12:00:00,2024-03-13,12:00:00,60.89,61.15,60.01,60.2,3087.0
2024-03-13 13:00:00,2024-03-13,13:00:00,60.18,60.47,59.96,60.15,2439.0
2024-03-13 14:00:00,2024-03-13,14:00:00,60.13,60.66,59.85,60.42,2246.0
2024-03-13 15:00:00,2024-03-13,15:00:00,60.44,60.72,60.18,60.32,1679.0
2024-03-13 16:00:00,2024-03-13,16:00:00,60.32,60.46,60.03,60.19,1808.0
2024-03-14 07:00:00,2024-03-14,07:00:00,60.26,60.26,59.34,60.22,1620.0
2024-03-14 08:00:00,2024-03-14,08:00:00,60.24,60.47,60.02,60.36,2007.0
2024-03-14 09:00:00,2024-03-14,09:00:00,60.38,60.51,59.87,60.19,2647.0
2024-03-14 10:00:00,2024-03-14,10:00:00,60.17,60.81,60.07,60.23,2786.0
2024-03-14 11:00:00,2024-03-14,11:00:00,60.25,60.56,60.19,60.5,929.0
2024-03-14 12:00:00,2024-03-14,12:00:00,60.46,60.88,60.17,60.44,1767.0
2024-03-14 13:00:00,2024-03-14,13:00:00,60.44,61.06,60.36,60.74,1676.0
2024-03-14 14:00:00,2024-03-14,14:00:00,60.78,62.15,60.76,61.9,4838.0
2024-03-14 15:00:00,2024-03-14,15:00:00,61.92,63.17,61.82,62.87,6181.0
2024-03-14 16:00:00,2024-03-14,16:00:00,62.89,63.68,62.44,63.12,4862.0
2024-03-15 07:00:00,2024-03-15,07:00:00,63.12,63.67,62.72,63.32,1883.0
2024-03-15 08:00:00,2024-03-15,08:00:00,63.36,63.77,62.6,63.03,2251.0
2024-03-15 09:00:00,2024-03-15,09:00:00,62.98,63.25,62.46,63.21,2316.0
2024-03-15 10:00:00,2024-03-15,10:00:00,63.23,64.27,63.23,64.12,4047.0
2024-03-15 11:00:00,2024-03-15,11:00:00,64.1,64.57,63.97,64.34,2428.0
2024-03-15 12:00:00,2024-03-15,12:00:00,64.35,64.39,63.87,64,2130.0
2024-03-15 13:00:00,2024-03-15,13:00:00,63.99,64.2,63.49,63.76,2334.0
2024-03-15 14:00:00,2024-03-15,14:00:00,63.74,64.05,62.9,62.9,2878.0
2024-03-15 15:00:00,2024-03-15,15:00:00,62.9,63.67,62.67,63.56,2714.0
2024-03-15 16:00:00,2024-03-15,16:00:00,63.59,64.03,63.54,63.7,2462.0
2024-03-18 07:00:00,2024-03-18,07:00:00,63.77,65.62,63.77,65.24,2827.0
2024-03-18 08:00:00,2024-03-18,08:00:00,65.24,66.66,65.07,66.09,6103.0
2024-03-18 09:00:00,2024-03-18,09:00:00,66.09,66.32,65.62,65.69,2665.0
2024-03-18 10:00:00,2024-03-18,10:00:00,65.67,66.24,65.63,66.06,2277.0
2024-03-18 11:00:00,2024-03-18,11:00:00,66.02,66.17,65.17,65.71,1969.0
2024-03-18 12:00:00,2024-03-18,12:00:00,65.72,66.4,65.58,66.3,2384.0
2024-03-18 13:00:00,2024-03-18,13:00:00,66.32,66.52,65.72,65.79,2866.0
2024-03-18 14:00:00,2024-03-18,14:00:00,65.82,66.22,65.51,65.67,3423.0
2024-03-18 15:00:00,2024-03-18,15:00:00,65.67,65.9,64.84,65.78,3840.0
2024-03-18 16:00:00,2024-03-18,16:00:00,65.77,65.93,65.27,65.74,2863.0
2024-03-19 07:00:00,2024-03-19,07:00:00,65.73,67.11,65.54,67.03,3255.0
2024-03-19 08:00:00,2024-03-19,08:00:00,67.05,67.21,65.7,65.8,3832.0
2024-03-19 09:00:00,2024-03-19,09:00:00,65.82,65.99,65.2,65.53,2973.0
2024-03-19 10:00:00,2024-03-19,10:00:00,65.53,65.71,64.48,64.56,2310.0
2024-03-19 11:00:00,2024-03-19,11:00:00,64.52,65.36,64.49,65,2090.0
2024-03-19 12:00:00,2024-03-19,12:00:00,64.98,65.24,64.67,64.72,1327.0
2024-03-19 13:00:00,2024-03-19,13:00:00,64.71,64.78,63.82,64.02,2696.0
2024-03-19 14:00:00,2024-03-19,14:00:00,64.02,64.68,63.97,64.26,1549.0
2024-03-19 15:00:00,2024-03-19,15:00:00,64.25,65.42,64.12,65.26,2561.0
2024-03-19 16:00:00,2024-03-19,16:00:00,65.3,65.78,65.04,65.63,2714.0
2024-03-20 07:00:00,2024-03-20,07:00:00,65.62,65.78,64.42,65.27,1435.0
2024-03-20 08:00:00,2024-03-20,08:00:00,65.27,65.38,64.29,64.52,1846.0
2024-03-20 09:00:00,2024-03-20,09:00:00,64.52,64.87,64.4,64.55,1507.0
2024-03-20 10:00:00,2024-03-20,10:00:00,64.55,65.32,64.29,64.9,2152.0
2024-03-20 11:00:00,2024-03-20,11:00:00,64.91,65.44,64.73,64.88,1375.0
2024-03-20 12:00:00,2024-03-20,12:00:00,64.79,65.27,64.52,65.1,2031.0
2024-03-20 13:00:00,2024-03-20,13:00:00,65.09,65.26,64.33,64.78,1914.0
2024-03-20 14:00:00,2024-03-20,14:00:00,64.81,65.26,64.67,65.08,2391.0
2024-03-20 15:00:00,2024-03-20,15:00:00,65.07,65.62,65.07,65.19,2728.0
2024-03-20 16:00:00,2024-03-20,16:00:00,65.18,65.18,64.3,64.33,3692.0
2024-03-21 07:00:00,2024-03-21,07:00:00,64.5,64.5,63.52,63.59,2046.0
2024-03-21 08:00:00,2024-03-21,08:00:00,63.59,64.26,63.39,64.05,2277.0
2024-03-21 09:00:00,2024-03-21,09:00:00,64.05,64.62,63.95,64.27,2032.0
2024-03-21 10:00:00,2024-03-21,10:00:00,64.27,64.39,63.74,63.86,2309.0
2024-03-21 11:00:00,2024-03-21,11:00:00,63.86,63.86,63.12,63.31,2932.0
2024-03-21 12:00:00,2024-03-21,12:00:00,63.29,63.71,63.29,63.59,1442.0
2024-03-21 13:00:00,2024-03-21,13:00:00,63.59,64.17,63.54,64.07,1954.0
2024-03-21 14:00:00,2024-03-21,14:00:00,64.09,64.26,63.68,63.84,1950.0
2024-03-21 15:00:00,2024-03-21,15:00:00,63.82,63.92,63.17,63.56,2553.0
2024-03-21 16:00:00,2024-03-21,16:00:00,63.55,63.8,63.28,63.69,2343.0
2024-03-22 07:00:00,2024-03-22,07:00:00,63.47,63.82,63.12,63.59,701.0
2024-03-22 08:00:00,2024-03-22,08:00:00,63.62,64.17,63.46,63.98,1522.0
2024-03-22 09:00:00,2024-03-22,09:00:00,64.02,64.45,63.88,64.32,1994.0
2024-03-22 10:00:00,2024-03-22,10:00:00,64.33,65.35,64.11,65.29,4044.0
2024-03-22 11:00:00,2024-03-22,11:00:00,65.29,65.35,64.71,64.97,1989.0
2024-03-22 12:00:00,2024-03-22,12:00:00,64.98,65.94,64.83,65.48,2711.0
2024-03-22 13:00:00,2024-03-22,13:00:00,65.51,66.22,65.51,65.97,3488.0
2024-03-22 14:00:00,2024-03-22,14:00:00,65.99,66.38,65.75,66.07,2215.0
2024-03-22 15:00:00,2024-03-22,15:00:00,66.05,66.24,65.48,65.71,1995.0
2024-03-22 16:00:00,2024-03-22,16:00:00,65.72,65.96,65.48,65.82,2496.0
2024-03-25 07:00:00,2024-03-25,07:00:00,66.01,68.52,66,68.33,4244.0
2024-03-25 08:00:00,2024-03-25,08:00:00,68.33,68.73,67.91,68.18,3804.0
2024-03-25 09:00:00,2024-03-25,09:00:00,68.15,68.57,67.59,68.35,3145.0
2024-03-25 10:00:00,2024-03-25,10:00:00,68.36,68.49,67.67,67.89,1952.0
2024-03-25 11:00:00,2024-03-25,11:00:00,67.88,69.81,67.87,69.38,4979.0
2024-03-25 12:00:00,2024-03-25,12:00:00,69.36,69.39,68.79,68.8,2097.0
2024-03-25 13:00:00,2024-03-25,13:00:00,68.82,69.14,68.78,69.13,2347.0
2024-03-25 14:00:00,2024-03-25,14:00:00,69.11,69.27,68.58,68.66,3197.0
2024-03-25 15:00:00,2024-03-25,15:00:00,68.66,69.47,68.63,69.37,2989.0
2024-03-25 16:00:00,2024-03-25,16:00:00,69.39,69.44,69.01,69.16,3264.0
2024-03-26 07:00:00,2024-03-26,07:00:00,68.96,69.1,68,68.76,2574.0
2024-03-26 08:00:00,2024-03-26,08:00:00,68.81,69.67,68.28,69.64,4183.0
2024-03-26 09:00:00,2024-03-26,09:00:00,69.69,70.1,69.41,69.79,4585.0
2024-03-26 10:00:00,2024-03-26,10:00:00,69.78,69.83,68.68,69.32,3515.0
2024-03-26 11:00:00,2024-03-26,11:00:00,69.29,69.36,68.37,68.52,1609.0
2024-03-26 12:00:00,2024-03-26,12:00:00,68.5,68.72,67.59,67.71,2878.0
2024-03-26 13:00:00,2024-03-26,13:00:00,67.7,67.83,66.87,67.33,4501.0
2024-03-26 14:00:00,2024-03-26,14:00:00,67.34,67.52,67.08,67.15,2823.0
2024-03-26 15:00:00,2024-03-26,15:00:00,67.14,67.15,66.52,66.79,3116.0
2024-03-26 16:00:00,2024-03-26,16:00:00,66.83,67.36,66.48,67.32,2288.0
2024-03-27 07:00:00,2024-03-27,07:00:00,66.82,67.63,66.8,67.56,1161.0
2024-03-27 08:00:00,2024-03-27,08:00:00,67.56,67.59,66.53,66.61,1898.0
2024-03-27 09:00:00,2024-03-27,09:00:00,66.61,66.87,65.92,66.04,3353.0
2024-03-27 10:00:00,2024-03-27,10:00:00,66.06,66.65,65.96,66.28,2772.0
2024-03-27 11:00:00,2024-03-27,11:00:00,66.28,66.74,66.09,66.12,1232.0
2024-03-27 12:00:00,2024-03-27,12:00:00,66.12,66.27,65.36,65.63,3172.0
2024-03-27 13:00:00,2024-03-27,13:00:00,65.63,66.16,65.62,66.12,1828.0
2024-03-27 14:00:00,2024-03-27,14:00:00,66.18,66.5,66,66.15,1776.0
2024-03-27 15:00:00,2024-03-27,15:00:00,66.17,66.77,66.07,66.49,1702.0
2024-03-27 16:00:00,2024-03-27,16:00:00,66.49,67.27,66.46,66.93,2380.0
2024-03-28 07:00:00,2024-03-28,07:00:00,66.82,66.82,66.07,66.28,959.0
2024-03-28 08:00:00,2024-03-28,08:00:00,66.29,67.21,66.29,66.44,2157.0
2024-03-28 09:00:00,2024-03-28,09:00:00,66.46,66.5,65.91,66.1,1877.0
2024-03-28 10:00:00,2024-03-28,10:00:00,66.08,66.3,65.64,65.82,2480.0
2024-03-28 11:00:00,2024-03-28,11:00:00,65.82,66.67,65.78,66.55,1777.0
2024-03-28 12:00:00,2024-03-28,12:00:00,66.57,67.06,66.36,66.36,1838.0
2024-03-28 13:00:00,2024-03-28,13:00:00,66.39,66.59,66.13,66.23,1133.0
2024-03-28 14:00:00,2024-03-28,14:00:00,66.23,66.58,66.13,66.29,1440.0
2024-03-28 15:00:00,2024-03-28,15:00:00,66.32,66.4,65.9,66.14,1333.0
2024-03-28 16:00:00,2024-03-28,16:00:00,66.13,66.5,65.97,66.25,1805.0
2024-04-02 06:00:00,2024-04-02,06:00:00,65.8,65.82,64.89,65.07,1844.0
2024-04-02 07:00:00,2024-04-02,07:00:00,65.07,65.27,63.77,63.91,4116.0
2024-04-02 08:00:00,2024-04-02,08:00:00,63.9,64.11,63.67,63.82,2075.0
2024-04-02 09:00:00,2024-04-02,09:00:00,63.85,63.91,63.29,63.68,3674.0
2024-04-02 10:00:00,2024-04-02,10:00:00,63.67,63.94,63.5,63.94,1422.0
2024-04-02 11:00:00,2024-04-02,11:00:00,63.9,64.44,63.85,63.94,2210.0
2024-04-02 12:00:00,2024-04-02,12:00:00,63.91,64.41,63.5,63.53,2460.0
2024-04-02 13:00:00,2024-04-02,13:00:00,63.52,63.62,62.88,62.99,4560.0
2024-04-02 14:00:00,2024-04-02,14:00:00,62.97,63.42,62.97,63.18,1911.0
2024-04-02 15:00:00,2024-04-02,15:00:00,63.18,63.47,62.91,63.22,2318.0
2024-04-03 06:00:00,2024-04-03,06:00:00,63.61,63.81,62.63,62.94,1703.0
2024-04-03 07:00:00,2024-04-03,07:00:00,62.98,63.44,62.7,63.43,2103.0
2024-04-03 08:00:00,2024-04-03,08:00:00,63.44,63.53,63.07,63.31,1508.0
2024-04-03 09:00:00,2024-04-03,09:00:00,63.27,63.42,62.77,63.33,1882.0
2024-04-03 10:00:00,2024-04-03,10:00:00,63.35,63.47,62.97,62.98,1469.0
2024-04-03 11:00:00,2024-04-03,11:00:00,62.98,63.29,62.72,63.25,1479.0
2024-04-03 12:00:00,2024-04-03,12:00:00,63.29,63.31,62.17,62.26,2918.0
2024-04-03 13:00:00,2024-04-03,13:00:00,62.24,62.27,61.22,61.57,4477.0
2024-04-03 14:00:00,2024-04-03,14:00:00,61.6,61.99,61.36,61.49,2244.0
2024-04-03 15:00:00,2024-04-03,15:00:00,61.5,62.09,61.47,61.87,2432.0
2024-04-04 06:00:00,2024-04-04,06:00:00,61.41,62.12,61.41,61.8,1497.0
2024-04-04 07:00:00,2024-04-04,07:00:00,61.78,62.75,61.78,62.48,2603.0
2024-04-04 08:00:00,2024-04-04,08:00:00,62.47,62.65,62.04,62.27,2405.0
2024-04-04 09:00:00,2024-04-04,09:00:00,62.33,62.52,61.95,62.16,1737.0
2024-04-04 10:00:00,2024-04-04,10:00:00,62.18,62.39,62.03,62.29,1198.0
2024-04-04 11:00:00,2024-04-04,11:00:00,62.3,63.07,62.22,62.61,2508.0
2024-04-04 12:00:00,2024-04-04,12:00:00,62.61,63.04,62.53,62.72,1707.0
2024-04-04 13:00:00,2024-04-04,13:00:00,62.71,63.56,62.7,62.95,3736.0
2024-04-04 14:00:00,2024-04-04,14:00:00,62.91,63.13,62.77,62.93,2010.0
2024-04-04 15:00:00,2024-04-04,15:00:00,62.95,63,62.67,62.71,2098.0
2024-04-05 06:00:00,2024-04-05,06:00:00,62.68,63.57,62.68,63.06,1690.0
2024-04-05 07:00:00,2024-04-05,07:00:00,63.04,63.23,62.68,62.73,1606.0
2024-04-05 08:00:00,2024-04-05,08:00:00,62.73,63.01,62.57,62.91,1836.0
2024-04-05 09:00:00,2024-04-05,09:00:00,62.91,63.27,62.77,62.97,1621.0
2024-04-05 10:00:00,2024-04-05,10:00:00,62.99,63.37,62.82,63.37,1691.0
2024-04-05 11:00:00,2024-04-05,11:00:00,63.4,63.42,62.87,62.98,1025.0
2024-04-05 12:00:00,2024-04-05,12:00:00,63.02,63.52,63.02,63.4,1802.0
2024-04-05 13:00:00,2024-04-05,13:00:00,63.42,64.94,63.32,64.94,5480.0
2024-04-05 14:00:00,2024-04-05,14:00:00,64.95,65.4,64.59,65.27,4173.0
2024-04-05 15:00:00,2024-04-05,15:00:00,65.26,65.47,64.79,65.33,2662.0
2024-04-08 06:00:00,2024-04-08,06:00:00,65.22,65.32,64.01,64.4,1876.0
2024-04-08 07:00:00,2024-04-08,07:00:00,64.4,64.72,64.04,64.67,2121.0
2024-04-08 08:00:00,2024-04-08,08:00:00,64.65,65.02,64.29,64.42,2261.0
2024-04-08 09:00:00,2024-04-08,09:00:00,64.42,65.77,64.39,65.66,2561.0
2024-04-08 10:00:00,2024-04-08,10:00:00,65.64,66.12,65.52,65.61,1701.0
2024-04-08 11:00:00,2024-04-08,11:00:00,65.64,66.1,64.97,66.02,2209.0
2024-04-08 12:00:00,2024-04-08,12:00:00,66.03,66.92,65.97,66.73,4060.0
2024-04-08 13:00:00,2024-04-08,13:00:00,66.75,68.12,66.73,67.35,6277.0
2024-04-08 14:00:00,2024-04-08,14:00:00,67.36,67.89,67.14,67.79,3151.0
2024-04-08 15:00:00,2024-04-08,15:00:00,67.8,68.06,67.44,67.71,3575.0
2024-04-09 06:00:00,2024-04-09,06:00:00,67.71,68.27,67.37,67.63,1635.0
2024-04-09 07:00:00,2024-04-09,07:00:00,67.62,67.74,66.97,67.27,2660.0
2024-04-09 08:00:00,2024-04-09,08:00:00,67.26,67.63,66.82,67.52,2211.0
2024-04-09 09:00:00,2024-04-09,09:00:00,67.46,68.62,67.4,68.08,3180.0
2024-04-09 10:00:00,2024-04-09,10:00:00,68.06,68.77,68.02,68.56,2836.0
2024-04-09 11:00:00,2024-04-09,11:00:00,68.54,68.94,68.45,68.85,2316.0
2024-04-09 12:00:00,2024-04-09,12:00:00,68.83,68.96,67.93,68.67,2444.0
2024-04-09 13:00:00,2024-04-09,13:00:00,68.66,68.94,68.16,68.45,3297.0
2024-04-09 14:00:00,2024-04-09,14:00:00,68.44,68.89,68.22,68.57,2943.0
2024-04-09 15:00:00,2024-04-09,15:00:00,68.57,68.72,68.13,68.28,3280.0
2024-04-10 06:00:00,2024-04-10,06:00:00,68.14,69.3,68.14,68.88,1443.0
2024-04-10 07:00:00,2024-04-10,07:00:00,68.88,69.42,68.72,68.73,2643.0
2024-04-10 08:00:00,2024-04-10,08:00:00,68.72,69.06,68.16,68.52,2218.0
2024-04-10 09:00:00,2024-04-10,09:00:00,68.48,69.16,67.41,67.55,4698.0
2024-04-10 10:00:00,2024-04-10,10:00:00,67.53,67.69,67.08,67.08,2415.0
2024-04-10 11:00:00,2024-04-10,11:00:00,67.08,67.31,66.61,67.18,2630.0
2024-04-10 12:00:00,2024-04-10,12:00:00,67.16,67.52,66.9,67.13,1610.0
2024-04-10 13:00:00,2024-04-10,13:00:00,67.17,68.11,67.12,67.5,3406.0
2024-04-10 14:00:00,2024-04-10,14:00:00,67.48,67.67,67.12,67.33,1514.0
2024-04-10 15:00:00,2024-04-10,15:00:00,67.32,67.46,67.03,67.17,1814.0
2024-04-11 06:00:00,2024-04-11,06:00:00,67.57,68.82,67.12,68.45,1946.0
2024-04-11 07:00:00,2024-04-11,07:00:00,68.44,69.72,68.32,69.42,5220.0
2024-04-11 08:00:00,2024-04-11,08:00:00,69.44,70.12,69.17,69.49,5192.0
2024-04-11 09:00:00,2024-04-11,09:00:00,69.49,70.02,68.92,69.21,3243.0
2024-04-11 10:00:00,2024-04-11,10:00:00,69.23,69.6,69.08,69.08,1815.0
2024-04-11 11:00:00,2024-04-11,11:00:00,69.08,69.65,69.07,69.58,1501.0
2024-04-11 12:00:00,2024-04-11,12:00:00,69.56,71.24,69.45,70.88,6053.0
2024-04-11 13:00:00,2024-04-11,13:00:00,70.89,72.02,70.86,71.37,7044.0
2024-04-11 14:00:00,2024-04-11,14:00:00,71.36,72.57,71.36,72.42,4894.0
2024-04-11 15:00:00,2024-04-11,15:00:00,72.42,73.27,72.15,73.15,6871.0
2024-04-12 06:00:00,2024-04-12,06:00:00,72.92,73.68,72.38,72.8,2715.0
2024-04-12 07:00:00,2024-04-12,07:00:00,72.83,76.07,72.83,75.12,7550.0
2024-04-12 08:00:00,2024-04-12,08:00:00,75.12,75.97,74.31,74.57,5078.0
2024-04-12 09:00:00,2024-04-12,09:00:00,74.56,75.13,73.81,74.87,2547.0
2024-04-12 10:00:00,2024-04-12,10:00:00,74.88,75.64,74.88,75.13,3038.0
2024-04-12 11:00:00,2024-04-12,11:00:00,75.12,75.52,74.05,74.13,4183.0
2024-04-12 12:00:00,2024-04-12,12:00:00,74.13,74.62,73.5,74.49,4537.0
2024-04-12 13:00:00,2024-04-12,13:00:00,74.49,75.78,74.21,74.85,5350.0
2024-04-12 14:00:00,2024-04-12,14:00:00,74.83,76.07,74.52,75.81,3320.0
2024-04-12 15:00:00,2024-04-12,15:00:00,75.81,76.19,75.51,75.96,4446.0
2024-04-15 06:00:00,2024-04-15,06:00:00,75.92,75.96,73.42,74.05,5081.0
2024-04-15 07:00:00,2024-04-15,07:00:00,74.08,74.99,73.88,73.92,3260.0
2024-04-15 08:00:00,2024-04-15,08:00:00,73.9,75.01,73.68,74.43,2877.0
2024-04-15 09:00:00,2024-04-15,09:00:00,74.48,74.94,74.19,74.6,2078.0
2024-04-15 10:00:00,2024-04-15,10:00:00,74.62,74.72,73.76,74.48,2459.0
2024-04-15 11:00:00,2024-04-15,11:00:00,74.49,74.62,74.22,74.38,1324.0
2024-04-15 12:00:00,2024-04-15,12:00:00,74.4,75.24,74.25,74.73,2083.0
2024-04-15 13:00:00,2024-04-15,13:00:00,74.77,75.69,74.74,74.97,2751.0
2024-04-15 14:00:00,2024-04-15,14:00:00,74.99,75.58,74.32,75.26,3034.0
2024-04-15 15:00:00,2024-04-15,15:00:00,75.33,75.45,74.38,74.48,3067.0
2024-04-16 06:00:00,2024-04-16,06:00:00,74.57,75.67,74.07,75.56,2265.0
2024-04-16 07:00:00,2024-04-16,07:00:00,75.57,75.83,74.92,75.37,2408.0
2024-04-16 08:00:00,2024-04-16,08:00:00,75.4,78.06,75.32,77.42,7430.0
2024-04-16 09:00:00,2024-04-16,09:00:00,77.42,78.3,76.92,77.53,4280.0
2024-04-16 10:00:00,2024-04-16,10:00:00,77.51,78.07,77.1,77.71,2178.0
2024-04-16 11:00:00,2024-04-16,11:00:00,77.72,78.42,77.6,78.39,2677.0
2024-04-16 12:00:00,2024-04-16,12:00:00,78.36,79.22,77.88,78.17,4183.0
2024-04-16 13:00:00,2024-04-16,13:00:00,78.18,78.43,77.54,78.02,3978.0
2024-04-16 14:00:00,2024-04-16,14:00:00,77.99,78.75,77.72,78.62,2362.0
2024-04-16 15:00:00,2024-04-16,15:00:00,78.56,78.71,77.77,78.57,2996.0
2024-04-17 06:00:00,2024-04-17,06:00:00,78.45,78.82,77.2,77.2,2574.0
2024-04-17 07:00:00,2024-04-17,07:00:00,77.2,77.67,76.57,76.82,4556.0
2024-04-17 08:00:00,2024-04-17,08:00:00,76.77,76.77,75.47,76.32,6414.0
2024-04-17 09:00:00,2024-04-17,09:00:00,76.29,76.89,75.92,76.42,2671.0
2024-04-17 10:00:00,2024-04-17,10:00:00,76.4,76.63,75.86,76.12,1741.0
2024-04-17 11:00:00,2024-04-17,11:00:00,76.1,76.15,74.07,74.47,4980.0
2024-04-17 12:00:00,2024-04-17,12:00:00,74.43,74.57,73.55,74.1,4368.0
2024-04-17 13:00:00,2024-04-17,13:00:00,74.13,74.49,73.62,73.84,3055.0
2024-04-17 14:00:00,2024-04-17,14:00:00,73.87,74.8,73.84,74.13,2637.0
2024-04-17 15:00:00,2024-04-17,15:00:00,74.13,74.76,73.93,74.65,2976.0
2024-04-18 06:00:00,2024-04-18,06:00:00,74.22,74.22,72.47,73.1,3146.0
2024-04-18 07:00:00,2024-04-18,07:00:00,73.05,73.78,73.04,73.78,2623.0
2024-04-18 08:00:00,2024-04-18,08:00:00,73.77,74.61,73.03,73.74,3386.0
2024-04-18 09:00:00,2024-04-18,09:00:00,73.73,75.33,73.34,74.22,5322.0
2024-04-18 10:00:00,2024-04-18,10:00:00,74.26,75.28,74.02,74.87,1469.0
2024-04-18 11:00:00,2024-04-18,11:00:00,74.9,75.09,74.43,74.74,1601.0
2024-04-18 12:00:00,2024-04-18,12:00:00,74.74,76.15,74.47,76.02,3327.0
2024-04-18 13:00:00,2024-04-18,13:00:00,76.02,76.31,75.04,75.32,3401.0
2024-04-18 14:00:00,2024-04-18,14:00:00,75.3,76.61,75.24,76.08,2785.0
2024-04-18 15:00:00,2024-04-18,15:00:00,76.08,76.46,75.69,75.87,2559.0
2024-04-19 06:00:00,2024-04-19,06:00:00,76.83,77.62,76.27,76.42,2777.0
2024-04-19 07:00:00,2024-04-19,07:00:00,76.42,76.59,75.02,75.14,2962.0
2024-04-19 08:00:00,2024-04-19,08:00:00,75.21,75.34,74.03,74.18,2650.0
2024-04-19 09:00:00,2024-04-19,09:00:00,74.21,74.66,73.84,74.52,2464.0
2024-04-19 10:00:00,2024-04-19,10:00:00,74.55,74.77,74.13,74.45,1169.0
2024-04-19 11:00:00,2024-04-19,11:00:00,74.43,75.2,74.32,74.64,2313.0
2024-04-19 12:00:00,2024-04-19,12:00:00,74.66,74.69,73.58,73.94,3084.0
2024-04-19 13:00:00,2024-04-19,13:00:00,73.97,74.63,73.61,74.38,2458.0
2024-04-19 14:00:00,2024-04-19,14:00:00,74.43,74.52,73.37,73.77,1896.0
2024-04-19 15:00:00,2024-04-19,15:00:00,73.72,73.75,72.42,72.84,4361.0
2024-04-22 06:00:00,2024-04-22,06:00:00,72.41,72.51,70.87,71.88,3172.0
2024-04-22 07:00:00,2024-04-22,07:00:00,71.9,72.17,71.38,71.72,2539.0
2024-04-22 08:00:00,2024-04-22,08:00:00,71.71,71.8,71.13,71.24,2876.0
2024-04-22 09:00:00,2024-04-22,09:00:00,71.24,71.48,70.76,71.4,2490.0
2024-04-22 10:00:00,2024-04-22,10:00:00,71.36,72.02,71.34,71.64,1638.0
2024-04-22 11:00:00,2024-04-22,11:00:00,71.64,71.94,71,71.11,1517.0
2024-04-22 12:00:00,2024-04-22,12:00:00,71.08,71.32,70.42,70.7,2346.0
2024-04-22 13:00:00,2024-04-22,13:00:00,70.61,70.89,70.33,70.64,2015.0
2024-04-22 14:00:00,2024-04-22,14:00:00,70.72,71.35,70.59,71.1,1917.0
2024-04-22 15:00:00,2024-04-22,15:00:00,71.11,71.22,70.52,70.72,2035.0
2024-04-23 06:00:00,2024-04-23,06:00:00,70.56,71.32,70.07,70.09,1936.0
2024-04-23 07:00:00,2024-04-23,07:00:00,70.12,70.99,70.12,70.77,1794.0
2024-04-23 08:00:00,2024-04-23,08:00:00,70.78,71.2,70.33,70.8,2437.0
2024-04-23 09:00:00,2024-04-23,09:00:00,70.84,71.56,70.52,71.06,3302.0
2024-04-23 10:00:00,2024-04-23,10:00:00,71.06,71.21,70.51,70.62,856.0
2024-04-23 11:00:00,2024-04-23,11:00:00,70.59,70.79,69.71,69.85,2555.0
2024-04-23 12:00:00,2024-04-23,12:00:00,69.86,70.07,69.66,69.87,1712.0
2024-04-23 13:00:00,2024-04-23,13:00:00,69.84,70.54,69.69,70.32,2446.0
2024-04-23 14:00:00,2024-04-23,14:00:00,70.35,70.56,69.96,70.19,1440.0
2024-04-23 15:00:00,2024-04-23,15:00:00,70.19,70.7,69.89,70.7,2026.0
2024-04-24 06:00:00,2024-04-24,06:00:00,70.57,71.5,70.28,71.17,1729.0
2024-04-24 07:00:00,2024-04-24,07:00:00,71.17,71.48,70.69,70.95,1769.0
2024-04-24 08:00:00,2024-04-24,08:00:00,70.97,71.79,70.93,71.31,2211.0
2024-04-24 09:00:00,2024-04-24,09:00:00,71.28,71.47,70.07,70.11,3745.0
2024-04-24 10:00:00,2024-04-24,10:00:00,70.18,70.41,69.72,69.98,1519.0
2024-04-24 11:00:00,2024-04-24,11:00:00,70,70,69.07,69.43,3178.0
2024-04-24 12:00:00,2024-04-24,12:00:00,69.46,69.8,69.23,69.53,1715.0
2024-04-24 13:00:00,2024-04-24,13:00:00,69.52,70.08,69.35,69.83,1589.0
2024-04-24 14:00:00,2024-04-24,14:00:00,69.83,70.54,69.72,70.43,1958.0
2024-04-24 15:00:00,2024-04-24,15:00:00,70.42,71.23,70.36,71.17,2510.0
2024-04-25 06:00:00,2024-04-25,06:00:00,71.32,72.1,71.12,71.64,2239.0
2024-04-25 07:00:00,2024-04-25,07:00:00,71.65,71.83,70.86,71.36,2260.0
2024-04-25 08:00:00,2024-04-25,08:00:00,71.35,71.65,70.89,71.29,2698.0
2024-04-25 09:00:00,2024-04-25,09:00:00,71.31,71.81,70.9,71.38,1620.0
2024-04-25 10:00:00,2024-04-25,10:00:00,71.33,71.84,71.31,71.53,1117.0
2024-04-25 11:00:00,2024-04-25,11:00:00,71.56,72.69,71.46,72.55,3387.0
2024-04-25 12:00:00,2024-04-25,12:00:00,72.5,74.2,72.4,74.16,3880.0
2024-04-25 13:00:00,2024-04-25,13:00:00,74.21,74.29,72.83,73.03,3485.0
2024-04-25 14:00:00,2024-04-25,14:00:00,73.04,73.76,72.57,72.88,2588.0
2024-04-25 15:00:00,2024-04-25,15:00:00,72.85,72.92,72.51,72.73,2422.0
2024-04-26 06:00:00,2024-04-26,06:00:00,72.53,73.07,71.97,72.88,1554.0
2024-04-26 07:00:00,2024-04-26,07:00:00,72.88,73.52,72.5,72.56,1457.0
2024-04-26 08:00:00,2024-04-26,08:00:00,72.62,72.72,71.77,71.93,1701.0
2024-04-26 09:00:00,2024-04-26,09:00:00,71.98,72.3,71.54,72.22,1570.0
2024-04-26 10:00:00,2024-04-26,10:00:00,72.21,72.24,71.65,71.76,1396.0
2024-04-26 11:00:00,2024-04-26,11:00:00,71.71,72.52,71.71,72.35,1617.0
2024-04-26 12:00:00,2024-04-26,12:00:00,72.33,72.69,71.92,72.02,2122.0
2024-04-26 13:00:00,2024-04-26,13:00:00,72,72.37,71.1,71.42,2923.0
2024-04-26 14:00:00,2024-04-26,14:00:00,71.42,71.71,70.94,70.95,1844.0
2024-04-26 15:00:00,2024-04-26,15:00:00,70.97,71.85,70.89,71.83,1658.0
2024-04-29 06:00:00,2024-04-29,06:00:00,71.32,71.68,70.42,70.59,1485.0
2024-04-29 07:00:00,2024-04-29,07:00:00,70.59,70.92,69.85,70.02,2582.0
2024-04-29 08:00:00,2024-04-29,08:00:00,70.06,70.18,69.57,69.68,2080.0
2024-04-29 09:00:00,2024-04-29,09:00:00,69.72,69.88,69.42,69.45,2804.0
2024-04-29 10:00:00,2024-04-29,10:00:00,69.47,69.81,69.44,69.55,847.0
2024-04-29 11:00:00,2024-04-29,11:00:00,69.53,70.21,69.53,69.66,1284.0
2024-04-29 12:00:00,2024-04-29,12:00:00,69.65,70.01,69.53,69.53,1488.0
2024-04-29 13:00:00,2024-04-29,13:00:00,69.56,69.71,69.33,69.55,1818.0
2024-04-29 14:00:00,2024-04-29,14:00:00,69.51,69.92,69.51,69.7,1039.0
2024-04-29 15:00:00,2024-04-29,15:00:00,69.69,70.23,69.64,70.12,1910.0
2024-04-30 06:00:00,2024-04-30,06:00:00,70.27,70.58,69.7,69.84,1101.0
2024-04-30 07:00:00,2024-04-30,07:00:00,69.82,71.12,69.82,70.92,2573.0
2024-04-30 08:00:00,2024-04-30,08:00:00,70.92,71.75,70.65,71.67,3258.0
2024-04-30 09:00:00,2024-04-30,09:00:00,71.74,72.12,71.42,71.62,2794.0
2024-04-30 10:00:00,2024-04-30,10:00:00,71.6,72.8,71.55,72.65,1844.0
2024-04-30 11:00:00,2024-04-30,11:00:00,72.66,72.67,71.79,71.88,2488.0
2024-04-30 12:00:00,2024-04-30,12:00:00,71.89,72.72,71.7,72.67,1898.0
2024-04-30 13:00:00,2024-04-30,13:00:00,72.66,73.62,72.47,72.89,3505.0
2024-04-30 14:00:00,2024-04-30,14:00:00,72.92,73.11,72.63,72.89,1727.0
2024-04-30 15:00:00,2024-04-30,15:00:00,72.84,73.92,72.71,73.52,3554.0
2024-05-01 06:00:00,2024-05-01,06:00:00,73.51,73.58,72.56,72.79,1742.0
2024-05-01 07:00:00,2024-05-01,07:00:00,72.77,73.02,71.82,71.92,1766.0
2024-05-01 08:00:00,2024-05-01,08:00:00,71.92,72.2,71.79,72,799.0
2024-05-01 09:00:00,2024-05-01,09:00:00,71.99,72.5,71.99,72.32,713.0
2024-05-01 10:00:00,2024-05-01,10:00:00,72.28,72.57,71.91,72.02,729.0
2024-05-01 11:00:00,2024-05-01,11:00:00,72,72.11,71.68,71.83,928.0
2024-05-01 12:00:00,2024-05-01,12:00:00,71.82,72.16,71.8,71.89,1217.0
2024-05-01 13:00:00,2024-05-01,13:00:00,71.92,72.37,71.73,71.87,1351.0
2024-05-01 14:00:00,2024-05-01,14:00:00,71.8,72.07,71.67,71.93,1259.0
2024-05-01 15:00:00,2024-05-01,15:00:00,71.91,72.35,71.86,72.23,1618.0
2024-05-02 06:00:00,2024-05-02,06:00:00,72.2,72.67,71.53,72.56,1610.0
2024-05-02 07:00:00,2024-05-02,07:00:00,72.5,73.83,72.43,73.4,4614.0
2024-05-02 08:00:00,2024-05-02,08:00:00,73.41,74.5,73.2,74.19,5064.0
2024-05-02 09:00:00,2024-05-02,09:00:00,74.14,75.31,73.92,74.98,4164.0
2024-05-02 10:00:00,2024-05-02,10:00:00,74.96,75.81,74.91,75.67,3498.0
2024-05-02 11:00:00,2024-05-02,11:00:00,75.66,77.08,75.56,76.11,5534.0
2024-05-02 12:00:00,2024-05-02,12:00:00,76.09,76.13,75.52,75.89,3265.0
2024-05-02 13:00:00,2024-05-02,13:00:00,75.89,76.58,75.6,76.47,2166.0
2024-05-02 14:00:00,2024-05-02,14:00:00,76.46,77.51,76.34,76.67,4468.0
2024-05-02 15:00:00,2024-05-02,15:00:00,76.67,77.32,76.49,77.01,2598.0
2024-05-03 06:00:00,2024-05-03,06:00:00,76.85,77.46,75.98,77.08,1680.0
2024-05-03 07:00:00,2024-05-03,07:00:00,77.02,78.3,76.87,77.72,3642.0
2024-05-03 08:00:00,2024-05-03,08:00:00,77.72,77.78,76.77,77.58,2204.0
2024-05-03 09:00:00,2024-05-03,09:00:00,77.54,77.71,76.91,77.6,2020.0
2024-05-03 10:00:00,2024-05-03,10:00:00,77.61,78.57,77.5,78.48,2178.0
2024-05-03 11:00:00,2024-05-03,11:00:00,78.46,78.88,77.99,78.18,2856.0
2024-05-03 12:00:00,2024-05-03,12:00:00,78.2,78.36,77.03,77.07,2873.0
2024-05-03 13:00:00,2024-05-03,13:00:00,77.06,77.65,76.91,77.14,1716.0
2024-05-03 14:00:00,2024-05-03,14:00:00,77.11,77.11,75.69,76.39,3525.0
2024-05-03 15:00:00,2024-05-03,15:00:00,76.37,76.47,75.77,76.16,1911.0
2024-05-06 06:00:00,2024-05-06,06:00:00,76.06,76.97,75.8,76.93,1339.0
2024-05-06 07:00:00,2024-05-06,07:00:00,76.9,78.24,76.61,76.93,2622.0
2024-05-06 08:00:00,2024-05-06,08:00:00,76.86,77.36,76.2,76.41,2053.0
2024-05-06 09:00:00,2024-05-06,09:00:00,76.36,78.12,76.34,77.74,2146.0
2024-05-06 10:00:00,2024-05-06,10:00:00,77.74,78.66,77.71,78.42,1913.0
2024-05-06 11:00:00,2024-05-06,11:00:00,78.47,78.81,77.83,78.2,1471.0
2024-05-06 12:00:00,2024-05-06,12:00:00,78.17,78.27,77.4,77.47,1370.0
2024-05-06 13:00:00,2024-05-06,13:00:00,77.47,77.95,76.92,77.31,1698.0
2024-05-06 14:00:00,2024-05-06,14:00:00,77.31,77.81,76.92,77.43,1285.0
2024-05-06 15:00:00,2024-05-06,15:00:00,77.49,78.1,77.32,77.99,1351.0
2024-05-07 06:00:00,2024-05-07,06:00:00,77.57,78.05,77.15,77.95,1173.0
2024-05-07 07:00:00,2024-05-07,07:00:00,78,78.62,77.62,77.97,2927.0
2024-05-07 08:00:00,2024-05-07,08:00:00,78.01,78.04,75.46,75.82,6472.0
2024-05-07 09:00:00,2024-05-07,09:00:00,75.81,75.92,74.82,75.82,3918.0
2024-05-07 10:00:00,2024-05-07,10:00:00,75.82,76.22,75.2,75.31,2898.0
2024-05-07 11:00:00,2024-05-07,11:00:00,75.26,76.2,75.22,76.02,1798.0
2024-05-07 12:00:00,2024-05-07,12:00:00,76.02,76.6,75.8,76.17,2377.0
2024-05-07 13:00:00,2024-05-07,13:00:00,76.18,76.23,75.49,75.58,2180.0
2024-05-07 14:00:00,2024-05-07,14:00:00,75.58,75.99,75.04,75.22,3006.0
2024-05-07 15:00:00,2024-05-07,15:00:00,75.2,75.43,74.9,75.17,2721.0
2024-05-08 06:00:00,2024-05-08,06:00:00,75.21,75.38,74.74,74.85,1417.0
2024-05-08 07:00:00,2024-05-08,07:00:00,74.9,75.27,73.9,73.97,2971.0
2024-05-08 08:00:00,2024-05-08,08:00:00,73.97,75.19,73.96,75.13,2328.0
2024-05-08 09:00:00,2024-05-08,09:00:00,75.19,75.92,75.19,75.71,2230.0
2024-05-08 10:00:00,2024-05-08,10:00:00,75.58,75.71,74.98,75.32,1727.0
2024-05-08 11:00:00,2024-05-08,11:00:00,75.29,76.05,75.11,75.9,1718.0
2024-05-08 12:00:00,2024-05-08,12:00:00,75.92,76.57,75.66,76.45,2893.0
2024-05-08 13:00:00,2024-05-08,13:00:00,76.47,77.12,76.22,76.57,2634.0
2024-05-08 14:00:00,2024-05-08,14:00:00,76.56,76.79,75.72,76.25,2024.0
2024-05-08 15:00:00,2024-05-08,15:00:00,76.23,76.31,75.87,76.24,1580.0
2024-05-09 06:00:00,2024-05-09,06:00:00,75.71,76.5,75.71,75.92,739.0
2024-05-09 07:00:00,2024-05-09,07:00:00,75.88,76.8,75.45,76.65,1281.0
2024-05-09 08:00:00,2024-05-09,08:00:00,76.65,77.17,76.32,76.92,1082.0
2024-05-09 09:00:00,2024-05-09,09:00:00,76.95,77.73,76.75,77.47,1474.0
2024-05-09 10:00:00,2024-05-09,10:00:00,77.51,77.82,77.32,77.46,903.0
2024-05-09 11:00:00,2024-05-09,11:00:00,77.42,77.69,77.13,77.65,949.0
2024-05-09 12:00:00,2024-05-09,12:00:00,77.65,77.97,77.54,77.7,1632.0
2024-05-09 13:00:00,2024-05-09,13:00:00,77.73,78.22,77.31,78.14,2258.0
2024-05-09 14:00:00,2024-05-09,14:00:00,78.15,78.4,77.32,77.47,2245.0
2024-05-09 15:00:00,2024-05-09,15:00:00,77.5,78.12,77.43,77.94,1547.0
2024-05-10 06:00:00,2024-05-10,06:00:00,77.82,78.54,77.44,78.32,1249.0
2024-05-10 07:00:00,2024-05-10,07:00:00,78.34,78.82,78.23,78.78,1769.0
2024-05-10 08:00:00,2024-05-10,08:00:00,78.75,79.82,78.55,79.25,4151.0
2024-05-10 09:00:00,2024-05-10,09:00:00,79.23,79.27,77.7,78.05,2421.0
2024-05-10 10:00:00,2024-05-10,10:00:00,78.05,78.09,77.31,77.38,1940.0
2024-05-10 11:00:00,2024-05-10,11:00:00,77.34,77.38,76.39,77.28,2442.0
2024-05-10 12:00:00,2024-05-10,12:00:00,77.23,77.49,76.8,77.18,1406.0
2024-05-10 13:00:00,2024-05-10,13:00:00,77.14,77.24,76.2,76.72,1727.0
2024-05-10 14:00:00,2024-05-10,14:00:00,76.72,76.79,75.59,75.81,2493.0
2024-05-10 15:00:00,2024-05-10,15:00:00,75.81,76.42,75.7,75.91,1820.0
2024-05-13 06:00:00,2024-05-13,06:00:00,75.65,75.81,74.83,75.07,1544.0
2024-05-13 07:00:00,2024-05-13,07:00:00,75.12,75.54,74.43,74.63,2170.0
2024-05-13 08:00:00,2024-05-13,08:00:00,74.66,75.27,74.17,74.36,3506.0
2024-05-13 09:00:00,2024-05-13,09:00:00,74.37,74.71,74.13,74.33,2018.0
2024-05-13 10:00:00,2024-05-13,10:00:00,74.29,75.03,74.21,74.97,1455.0
2024-05-13 11:00:00,2024-05-13,11:00:00,74.92,75.05,74.17,74.18,1491.0
2024-05-13 12:00:00,2024-05-13,12:00:00,74.2,74.28,73.83,74.17,2217.0
2024-05-13 13:00:00,2024-05-13,13:00:00,74.17,74.22,73.02,73.34,3757.0
2024-05-13 14:00:00,2024-05-13,14:00:00,73.33,74.01,73.19,73.99,2598.0
2024-05-13 15:00:00,2024-05-13,15:00:00,73.97,74.52,73.94,74.39,2826.0
2024-05-14 06:00:00,2024-05-14,06:00:00,74.34,74.98,74.05,74.25,1012.0
2024-05-14 07:00:00,2024-05-14,07:00:00,74.21,74.24,73.34,73.72,1616.0
2024-05-14 08:00:00,2024-05-14,08:00:00,73.72,74.01,73.47,73.8,1365.0
2024-05-14 09:00:00,2024-05-14,09:00:00,73.8,75.16,73.69,75.01,2756.0
2024-05-14 10:00:00,2024-05-14,10:00:00,75.01,75.64,74.72,74.82,1602.0
2024-05-14 11:00:00,2024-05-14,11:00:00,74.82,75.64,74.82,75.36,1167.0
2024-05-14 12:00:00,2024-05-14,12:00:00,75.33,75.61,74.87,75.42,1003.0
2024-05-14 13:00:00,2024-05-14,13:00:00,75.39,75.64,75.18,75.62,977.0
2024-05-14 14:00:00,2024-05-14,14:00:00,75.62,75.64,74.67,74.83,1925.0
2024-05-14 15:00:00,2024-05-14,15:00:00,74.78,74.83,74.33,74.42,1750.0
2024-05-15 06:00:00,2024-05-15,06:00:00,74.52,75.2,74.29,75.02,813.0
2024-05-15 07:00:00,2024-05-15,07:00:00,75.01,75.75,74.92,75.42,3063.0
2024-05-15 08:00:00,2024-05-15,08:00:00,75.42,76.17,75.22,75.29,2287.0
2024-05-15 09:00:00,2024-05-15,09:00:00,75.24,75.4,74.78,75.02,1625.0
2024-05-15 10:00:00,2024-05-15,10:00:00,75.06,75.12,74.62,74.81,1399.0
2024-05-15 11:00:00,2024-05-15,11:00:00,74.78,74.99,74.5,74.52,1195.0
2024-05-15 12:00:00,2024-05-15,12:00:00,74.53,74.88,73.82,73.92,3017.0
2024-05-15 13:00:00,2024-05-15,13:00:00,73.84,74.23,73.82,73.97,2423.0
2024-05-15 14:00:00,2024-05-15,14:00:00,73.95,74.27,73.71,73.77,1582.0
2024-05-15 15:00:00,2024-05-15,15:00:00,73.8,74.01,73.41,73.51,3293.0
2024-05-16 06:00:00,2024-05-16,06:00:00,73.41,73.72,73.2,73.69,704.0
2024-05-16 07:00:00,2024-05-16,07:00:00,73.72,74.19,73.6,74.11,1236.0
2024-05-16 08:00:00,2024-05-16,08:00:00,74.15,74.59,73.86,74.42,2273.0
2024-05-16 09:00:00,2024-05-16,09:00:00,74.4,74.77,74.14,74.42,1879.0
2024-05-16 10:00:00,2024-05-16,10:00:00,74.41,74.82,74.35,74.72,953.0
2024-05-16 11:00:00,2024-05-16,11:00:00,74.75,75.6,74.59,75.28,2358.0
2024-05-16 12:00:00,2024-05-16,12:00:00,75.29,75.37,74.73,74.79,1416.0
2024-05-16 13:00:00,2024-05-16,13:00:00,74.77,75.35,74.73,74.87,1511.0
2024-05-16 14:00:00,2024-05-16,14:00:00,74.87,75.03,74.12,74.22,1847.0
2024-05-16 15:00:00,2024-05-16,15:00:00,74.24,75.35,74.24,75.11,2613.0
2024-05-17 06:00:00,2024-05-17,06:00:00,74.82,75.41,74.32,75.17,1152.0
2024-05-17 07:00:00,2024-05-17,07:00:00,75.17,75.5,74.88,75.02,1493.0
2024-05-17 08:00:00,2024-05-17,08:00:00,75.02,75.64,74.82,75.16,2313.0
2024-05-17 09:00:00,2024-05-17,09:00:00,75.16,75.87,75.16,75.54,2604.0
2024-05-17 10:00:00,2024-05-17,10:00:00,75.52,75.52,74.34,74.42,2771.0
2024-05-17 11:00:00,2024-05-17,11:00:00,74.42,74.77,74.27,74.57,1289.0
2024-05-17 12:00:00,2024-05-17,12:00:00,74.52,74.62,74.13,74.26,1574.0
2024-05-17 13:00:00,2024-05-17,13:00:00,74.19,74.74,73.9,74.59,2229.0
2024-05-17 14:00:00,2024-05-17,14:00:00,74.62,75.06,74.43,74.93,1293.0
2024-05-17 15:00:00,2024-05-17,15:00:00,74.92,75.24,74.43,74.84,1720.0
2024-05-20 06:00:00,2024-05-20,06:00:00,75.32,77.02,75.32,76.94,2351.0
2024-05-20 07:00:00,2024-05-20,07:00:00,76.95,77.85,76.65,76.91,3848.0
2024-05-20 08:00:00,2024-05-20,08:00:00,76.87,78.09,76.68,77.42,3376.0
2024-05-20 09:00:00,2024-05-20,09:00:00,77.41,77.67,76.62,77.21,2144.0
2024-05-20 10:00:00,2024-05-20,10:00:00,77.18,77.47,77.02,77.2,1093.0
2024-05-20 11:00:00,2024-05-20,11:00:00,77.16,77.21,76.72,76.77,839.0
2024-05-20 12:00:00,2024-05-20,12:00:00,76.8,78.16,76.62,77.66,3198.0
2024-05-20 13:00:00,2024-05-20,13:00:00,77.68,79.15,77.57,78.93,4760.0
2024-05-20 14:00:00,2024-05-20,14:00:00,78.98,79.22,78.69,78.81,2826.0
2024-05-20 15:00:00,2024-05-20,15:00:00,78.75,79.01,78.18,78.56,3092.0
2024-05-21 06:00:00,2024-05-21,06:00:00,78.5,79.09,77.86,77.98,1553.0
2024-05-21 07:00:00,2024-05-21,07:00:00,78.02,78.52,77.52,78.29,2107.0
2024-05-21 08:00:00,2024-05-21,08:00:00,78.32,78.32,77.48,77.72,1939.0
2024-05-21 09:00:00,2024-05-21,09:00:00,77.72,78.17,77.42,77.42,1965.0
2024-05-21 10:00:00,2024-05-21,10:00:00,77.44,78.31,77.37,78.16,1375.0
2024-05-21 11:00:00,2024-05-21,11:00:00,78.2,79.33,78.2,79.19,2153.0
2024-05-21 12:00:00,2024-05-21,12:00:00,79.24,80.65,78.78,80.5,5737.0
2024-05-21 13:00:00,2024-05-21,13:00:00,80.45,80.79,79.97,80.65,3908.0
2024-05-21 14:00:00,2024-05-21,14:00:00,80.68,80.96,80.08,80.84,3315.0
2024-05-21 15:00:00,2024-05-21,15:00:00,80.83,80.84,80,80.52,2670.0
2024-05-22 06:00:00,2024-05-22,06:00:00,80.3,81.49,80.05,81.45,1666.0
2024-05-22 07:00:00,2024-05-22,07:00:00,81.47,81.82,80.49,80.64,3606.0
2024-05-22 08:00:00,2024-05-22,08:00:00,80.66,81.13,79.86,81.07,3001.0
2024-05-22 09:00:00,2024-05-22,09:00:00,81.05,81.1,79.82,80.87,3109.0
2024-05-22 10:00:00,2024-05-22,10:00:00,80.9,81.44,80.63,80.92,1664.0
2024-05-22 11:00:00,2024-05-22,11:00:00,80.98,81.67,80.33,80.53,2480.0
2024-05-22 12:00:00,2024-05-22,12:00:00,80.53,81.46,80.48,80.6,2666.0
2024-05-22 13:00:00,2024-05-22,13:00:00,80.54,81.01,80.07,80.83,2344.0
2024-05-22 14:00:00,2024-05-22,14:00:00,80.81,81.2,80.24,80.43,1877.0
2024-05-22 15:00:00,2024-05-22,15:00:00,80.39,81.07,80.26,80.99,2525.0
2024-05-23 06:00:00,2024-05-23,06:00:00,80.72,81.22,80.07,80.36,2050.0
2024-05-23 07:00:00,2024-05-23,07:00:00,80.38,81.21,80.12,81.07,1809.0
2024-05-23 08:00:00,2024-05-23,08:00:00,81.05,81.75,80.82,81.51,3001.0
2024-05-23 09:00:00,2024-05-23,09:00:00,81.51,82.12,81.18,82.02,4150.0
2024-05-23 10:00:00,2024-05-23,10:00:00,82.02,82.21,81.35,81.87,2024.0
2024-05-23 11:00:00,2024-05-23,11:00:00,81.91,82.28,81.57,82.02,1496.0
2024-05-23 12:00:00,2024-05-23,12:00:00,81.99,82.42,81.13,81.35,3490.0
2024-05-23 13:00:00,2024-05-23,13:00:00,81.35,81.62,79.97,80.17,3609.0
2024-05-23 14:00:00,2024-05-23,14:00:00,80.17,80.98,80.04,80.63,2616.0
2024-05-23 15:00:00,2024-05-23,15:00:00,80.63,80.69,79.82,80.42,2902.0
2024-05-24 06:00:00,2024-05-24,06:00:00,80.32,81.02,79.97,80.07,1303.0
2024-05-24 07:00:00,2024-05-24,07:00:00,80.1,80.44,79.01,79.81,3447.0
2024-05-24 08:00:00,2024-05-24,08:00:00,79.81,79.81,78.84,78.92,2454.0
2024-05-24 09:00:00,2024-05-24,09:00:00,78.91,79.3,78.32,78.69,2326.0
2024-05-24 10:00:00,2024-05-24,10:00:00,78.69,79,78.53,78.73,1271.0
2024-05-24 11:00:00,2024-05-24,11:00:00,78.69,79.64,78.66,79.03,1553.0
2024-05-24 12:00:00,2024-05-24,12:00:00,79,79,78.17,78.58,2424.0
2024-05-24 13:00:00,2024-05-24,13:00:00,78.6,79.15,78.53,79.09,1180.0
2024-05-24 14:00:00,2024-05-24,14:00:00,79.06,80.07,78.99,79.77,1748.0
2024-05-24 15:00:00,2024-05-24,15:00:00,79.76,80.15,79.76,80.1,1660.0
2024-05-27 06:00:00,2024-05-27,06:00:00,80.02,80.72,79.82,80.66,886.0
2024-05-27 07:00:00,2024-05-27,07:00:00,80.69,80.84,80.13,80.56,1577.0
2024-05-27 08:00:00,2024-05-27,08:00:00,80.62,81.25,80.61,81.16,1861.0
2024-05-27 09:00:00,2024-05-27,09:00:00,81.15,81.32,80.94,81.2,873.0
2024-05-27 10:00:00,2024-05-27,10:00:00,81.17,81.29,80.78,80.97,612.0
2024-05-27 11:00:00,2024-05-27,11:00:00,80.98,81.01,80.35,80.45,888.0
2024-05-27 12:00:00,2024-05-27,12:00:00,80.44,80.87,80.15,80.63,915.0
2024-05-27 13:00:00,2024-05-27,13:00:00,80.63,80.93,80.32,80.63,881.0
2024-05-27 14:00:00,2024-05-27,14:00:00,80.63,80.63,80.07,80.21,946.0
2024-05-27 15:00:00,2024-05-27,15:00:00,80.23,80.87,80.13,80.83,1487.0
2024-05-28 06:00:00,2024-05-28,06:00:00,80.32,80.57,79.47,79.68,1811.0
2024-05-28 07:00:00,2024-05-28,07:00:00,79.71,80.12,79.04,79.22,2336.0
2024-05-28 08:00:00,2024-05-28,08:00:00,79.22,79.8,78.78,79.22,2351.0
2024-05-28 09:00:00,2024-05-28,09:00:00,79.25,79.56,78.91,79.49,2012.0
2024-05-28 10:00:00,2024-05-28,10:00:00,79.44,79.51,78.61,78.74,1723.0
2024-05-28 11:00:00,2024-05-28,11:00:00,78.77,78.98,78.47,78.57,1189.0
2024-05-28 12:00:00,2024-05-28,12:00:00,78.59,79.01,78.47,78.77,1679.0
2024-05-28 13:00:00,2024-05-28,13:00:00,78.78,79.07,78.41,79.06,1885.0
2024-05-28 14:00:00,2024-05-28,14:00:00,79.06,79.42,78.73,79.13,1791.0
2024-05-28 15:00:00,2024-05-28,15:00:00,79.17,79.28,78.69,78.92,1837.0
2024-05-29 06:00:00,2024-05-29,06:00:00,78.82,79.37,78.59,79.27,1336.0
2024-05-29 07:00:00,2024-05-29,07:00:00,79.3,79.92,79.25,79.55,1692.0
2024-05-29 08:00:00,2024-05-29,08:00:00,79.58,79.8,78.71,78.97,2565.0
2024-05-29 09:00:00,2024-05-29,09:00:00,78.98,79.47,78.74,78.74,1533.0
2024-05-29 10:00:00,2024-05-29,10:00:00,78.73,78.73,77.27,77.87,4843.0
2024-05-29 11:00:00,2024-05-29,11:00:00,77.87,78.37,77.71,78.02,1380.0
2024-05-29 12:00:00,2024-05-29,12:00:00,78.05,78.92,78,78.36,2342.0
2024-05-29 13:00:00,2024-05-29,13:00:00,78.32,78.39,77.7,77.73,1764.0
2024-05-29 14:00:00,2024-05-29,14:00:00,77.72,78.32,77.72,77.89,1111.0
2024-05-29 15:00:00,2024-05-29,15:00:00,77.85,78.54,77.76,78.27,1542.0
2024-05-30 06:00:00,2024-05-30,06:00:00,78.11,78.67,77.98,78.25,760.0
2024-05-30 07:00:00,2024-05-30,07:00:00,78.35,78.82,77.69,78.78,1838.0
2024-05-30 08:00:00,2024-05-30,08:00:00,78.77,78.82,77.89,78.02,2354.0
2024-05-30 09:00:00,2024-05-30,09:00:00,78.02,79.2,77.99,79.12,2648.0
2024-05-30 10:00:00,2024-05-30,10:00:00,79.12,79.2,78.62,78.85,1120.0
2024-05-30 11:00:00,2024-05-30,11:00:00,78.83,79.41,78.77,79.12,1273.0
2024-05-30 12:00:00,2024-05-30,12:00:00,79.13,79.38,78.75,78.82,1371.0
2024-05-30 13:00:00,2024-05-30,13:00:00,78.82,79.03,78.66,78.83,1024.0
2024-05-30 14:00:00,2024-05-30,14:00:00,78.84,80.23,78.82,79.75,3234.0
2024-05-30 15:00:00,2024-05-30,15:00:00,79.72,80.01,79.24,79.52,2146.0
2024-05-31 06:00:00,2024-05-31,06:00:00,79.8,79.96,79.27,79.47,1109.0
2024-05-31 07:00:00,2024-05-31,07:00:00,79.49,80.33,79.07,80.32,2060.0
2024-05-31 08:00:00,2024-05-31,08:00:00,80.35,80.46,79.73,79.92,1813.0
2024-05-31 09:00:00,2024-05-31,09:00:00,79.92,80.8,79.87,80.13,2309.0
2024-05-31 10:00:00,2024-05-31,10:00:00,80.1,80.39,79.77,79.93,989.0
2024-05-31 11:00:00,2024-05-31,11:00:00,80,80.17,79.34,79.54,1599.0
2024-05-31 12:00:00,2024-05-31,12:00:00,79.55,79.72,79.34,79.71,1475.0
2024-05-31 13:00:00,2024-05-31,13:00:00,79.75,79.79,78.99,79.23,1667.0
2024-05-31 14:00:00,2024-05-31,14:00:00,79.3,79.49,78.81,78.94,1843.0
2024-05-31 15:00:00,2024-05-31,15:00:00,78.93,78.97,78.17,78.39,3120.0
2024-06-03 06:00:00,2024-06-03,06:00:00,78.72,80.66,78.72,80.52,2526.0
2024-06-03 07:00:00,2024-06-03,07:00:00,80.48,80.48,79.42,79.55,2204.0
2024-06-03 08:00:00,2024-06-03,08:00:00,79.51,81.07,79.5,80.95,3910.0
2024-06-03 09:00:00,2024-06-03,09:00:00,80.95,82.13,80.82,81.98,4688.0
2024-06-03 10:00:00,2024-06-03,10:00:00,81.93,81.96,81.32,81.41,1901.0
2024-06-03 11:00:00,2024-06-03,11:00:00,81.41,81.57,80.1,80.17,2375.0
2024-06-03 12:00:00,2024-06-03,12:00:00,80.15,80.64,79.68,80.32,3157.0
2024-06-03 13:00:00,2024-06-03,13:00:00,80.29,80.75,79.87,80.24,1544.0
2024-06-03 14:00:00,2024-06-03,14:00:00,80.22,80.22,78.87,78.98,3401.0
2024-06-03 15:00:00,2024-06-03,15:00:00,78.97,79.06,78.55,78.95,2329.0
2024-06-04 06:00:00,2024-06-04,06:00:00,78.89,78.95,78.28,78.67,1030.0
2024-06-04 07:00:00,2024-06-04,07:00:00,78.65,78.99,78.15,78.36,2185.0
2024-06-04 08:00:00,2024-06-04,08:00:00,78.35,79.03,77.63,77.83,4391.0
2024-06-04 09:00:00,2024-06-04,09:00:00,77.81,78.61,77.57,78.37,3402.0
2024-06-04 10:00:00,2024-06-04,10:00:00,78.39,78.56,77.94,77.97,1175.0
2024-06-04 11:00:00,2024-06-04,11:00:00,77.98,78.25,77.45,77.59,1712.0
2024-06-04 12:00:00,2024-06-04,12:00:00,77.6,77.87,77.02,77.12,4084.0
2024-06-04 13:00:00,2024-06-04,13:00:00,77.12,77.44,76.83,77.02,3045.0
2024-06-04 14:00:00,2024-06-04,14:00:00,77.04,77.21,76.71,76.79,2217.0
2024-06-04 15:00:00,2024-06-04,15:00:00,76.8,77.04,76.59,76.9,3603.0
2024-06-05 06:00:00,2024-06-05,06:00:00,77.05,77.64,76.59,77.22,1590.0
2024-06-05 07:00:00,2024-06-05,07:00:00,77.17,77.17,75.45,76.02,4101.0
2024-06-05 08:00:00,2024-06-05,08:00:00,76.02,76.36,75.89,76.25,2043.0
2024-06-05 09:00:00,2024-06-05,09:00:00,76.23,76.78,75.89,76.75,1967.0
2024-06-05 10:00:00,2024-06-05,10:00:00,76.74,76.8,75.89,75.94,1460.0
2024-06-05 11:00:00,2024-06-05,11:00:00,75.89,76.12,75.26,75.72,2437.0
2024-06-05 12:00:00,2024-06-05,12:00:00,75.77,76.32,75.52,76.27,2795.0
2024-06-05 13:00:00,2024-06-05,13:00:00,76.3,76.78,75.93,76.74,2229.0
2024-06-05 14:00:00,2024-06-05,14:00:00,76.73,76.78,75.87,76.15,2197.0
2024-06-05 15:00:00,2024-06-05,15:00:00,76.12,76.38,76.03,76.32,2013.0
2024-06-06 06:00:00,2024-06-06,06:00:00,76.12,76.58,75.61,75.84,1351.0
2024-06-06 07:00:00,2024-06-06,07:00:00,75.78,76.47,75.57,76.32,1803.0
2024-06-06 08:00:00,2024-06-06,08:00:00,76.31,77.39,76.27,77.22,3045.0
2024-06-06 09:00:00,2024-06-06,09:00:00,77.13,77.14,76.13,76.26,2344.0
2024-06-06 10:00:00,2024-06-06,10:00:00,76.25,76.4,75.98,76.27,1111.0
2024-06-06 11:00:00,2024-06-06,11:00:00,76.27,76.45,75.95,75.98,1431.0
2024-06-06 12:00:00,2024-06-06,12:00:00,75.99,76.57,75.88,76.21,1535.0
2024-06-06 13:00:00,2024-06-06,13:00:00,76.2,76.63,76.08,76.46,1599.0
2024-06-06 14:00:00,2024-06-06,14:00:00,76.48,76.73,76.28,76.51,1317.0
2024-06-06 15:00:00,2024-06-06,15:00:00,76.47,76.59,75.81,75.85,2519.0
2024-06-07 06:00:00,2024-06-07,06:00:00,76.21,76.21,75.57,75.84,1038.0
2024-06-07 07:00:00,2024-06-07,07:00:00,75.84,75.94,75.33,75.63,1726.0
2024-06-07 08:00:00,2024-06-07,08:00:00,75.61,76.2,75.38,76.07,1532.0
2024-06-07 09:00:00,2024-06-07,09:00:00,76.01,76.1,75.74,75.87,1345.0
2024-06-07 10:00:00,2024-06-07,10:00:00,75.85,75.97,75.53,75.55,1279.0
2024-06-07 11:00:00,2024-06-07,11:00:00,75.53,75.79,75.37,75.53,1321.0
2024-06-07 12:00:00,2024-06-07,12:00:00,75.56,76.01,75.37,75.77,1678.0
2024-06-07 13:00:00,2024-06-07,13:00:00,75.69,76.03,75.5,75.93,1341.0
2024-06-07 14:00:00,2024-06-07,14:00:00,75.98,76,75.55,75.65,1405.0
2024-06-07 15:00:00,2024-06-07,15:00:00,75.65,75.92,75.59,75.74,1610.0
2024-06-10 06:00:00,2024-06-10,06:00:00,75.46,75.47,74.57,74.74,2654.0
2024-06-10 07:00:00,2024-06-10,07:00:00,74.67,74.71,74.11,74.48,3034.0
2024-06-10 08:00:00,2024-06-10,08:00:00,74.44,74.44,73.9,73.93,2451.0
2024-06-10 09:00:00,2024-06-10,09:00:00,73.92,73.97,73.66,73.77,2464.0
2024-06-10 10:00:00,2024-06-10,10:00:00,73.79,73.95,73.6,73.89,1428.0
2024-06-10 11:00:00,2024-06-10,11:00:00,73.89,73.91,73.61,73.87,1674.0
2024-06-10 12:00:00,2024-06-10,12:00:00,73.82,74.32,73.72,74.17,2615.0
2024-06-10 13:00:00,2024-06-10,13:00:00,74.16,75.03,74.14,75.03,4110.0
2024-06-10 14:00:00,2024-06-10,14:00:00,75.02,75.14,74.53,74.91,2126.0
2024-06-10 15:00:00,2024-06-10,15:00:00,74.9,75.52,74.87,75.23,2413.0
2024-06-11 06:00:00,2024-06-11,06:00:00,75.12,75.43,74.19,75.15,2310.0
2024-06-11 07:00:00,2024-06-11,07:00:00,75.14,76.24,75.14,75.61,2597.0
2024-06-11 08:00:00,2024-06-11,08:00:00,75.66,76.49,75.49,76.36,2761.0
2024-06-11 09:00:00,2024-06-11,09:00:00,76.37,76.44,75.44,75.48,2646.0
2024-06-11 10:00:00,2024-06-11,10:00:00,75.47,75.97,74.95,75.72,2514.0
2024-06-11 11:00:00,2024-06-11,11:00:00,75.72,75.73,74.83,74.97,1542.0
2024-06-11 12:00:00,2024-06-11,12:00:00,74.96,75.12,74.67,75.08,1653.0
2024-06-11 13:00:00,2024-06-11,13:00:00,75.11,75.35,74.77,74.95,1289.0
2024-06-11 14:00:00,2024-06-11,14:00:00,74.96,75.44,74.82,75.31,1861.0
2024-06-11 15:00:00,2024-06-11,15:00:00,75.29,75.29,74.57,74.73,2250.0
2024-06-12 06:00:00,2024-06-12,06:00:00,74.57,74.82,74.29,74.52,1377.0
2024-06-12 07:00:00,2024-06-12,07:00:00,74.52,74.97,74.43,74.57,1537.0
2024-06-12 08:00:00,2024-06-12,08:00:00,74.58,75.27,74.57,75.06,2026.0
2024-06-12 09:00:00,2024-06-12,09:00:00,75.05,75.44,74.8,75.22,2089.0
2024-06-12 10:00:00,2024-06-12,10:00:00,75.25,75.42,74.92,74.98,1314.0
2024-06-12 11:00:00,2024-06-12,11:00:00,74.96,75.86,74.96,75.66,2160.0
2024-06-12 12:00:00,2024-06-12,12:00:00,75.67,75.95,75.58,75.75,2378.0
2024-06-12 13:00:00,2024-06-12,13:00:00,75.72,76.17,75.43,75.51,2636.0
2024-06-12 14:00:00,2024-06-12,14:00:00,75.47,75.69,75.1,75.16,1627.0
2024-06-12 15:00:00,2024-06-12,15:00:00,75.16,75.39,74.47,74.62,2495.0
2024-06-13 06:00:00,2024-06-13,06:00:00,74.62,75.58,74.62,75.11,1450.0
2024-06-13 07:00:00,2024-06-13,07:00:00,75.12,75.55,74.73,75.38,1266.0
2024-06-13 08:00:00,2024-06-13,08:00:00,75.46,75.64,75.2,75.45,2247.0
2024-06-13 09:00:00,2024-06-13,09:00:00,75.46,75.78,75.42,75.59,2153.0
2024-06-13 10:00:00,2024-06-13,10:00:00,75.61,75.78,75.42,75.55,1029.0
2024-06-13 11:00:00,2024-06-13,11:00:00,75.61,76.32,75.59,76.09,2335.0
2024-06-13 12:00:00,2024-06-13,12:00:00,76.1,76.26,75.72,75.99,1907.0
2024-06-13 13:00:00,2024-06-13,13:00:00,76.01,76.04,75.5,75.56,1807.0
2024-06-13 14:00:00,2024-06-13,14:00:00,75.57,75.77,75.11,75.14,1828.0
2024-06-13 15:00:00,2024-06-13,15:00:00,75.11,75.37,74.93,75.19,2326.0
2024-06-14 06:00:00,2024-06-14,06:00:00,75.07,75.41,74.64,74.76,992.0
2024-06-14 07:00:00,2024-06-14,07:00:00,74.74,74.74,74.22,74.41,2572.0
2024-06-14 08:00:00,2024-06-14,08:00:00,74.38,74.39,73.91,74.19,2232.0
2024-06-14 09:00:00,2024-06-14,09:00:00,74.18,74.56,74.16,74.5,1851.0
2024-06-14 10:00:00,2024-06-14,10:00:00,74.53,74.58,73.71,73.81,2925.0
2024-06-14 11:00:00,2024-06-14,11:00:00,73.79,73.93,73.58,73.67,1753.0
2024-06-14 12:00:00,2024-06-14,12:00:00,73.65,73.97,73.07,73.11,4756.0
2024-06-14 13:00:00,2024-06-14,13:00:00,73.1,73.26,72.72,72.89,3247.0
2024-06-14 14:00:00,2024-06-14,14:00:00,72.88,73.76,72.6,72.93,4855.0
2024-06-14 15:00:00,2024-06-14,15:00:00,72.9,73.12,72.49,72.85,3223.0
2024-06-17 06:00:00,2024-06-17,06:00:00,72.82,73.62,72.82,73.41,1431.0
2024-06-17 07:00:00,2024-06-17,07:00:00,73.38,73.47,72.42,72.49,2792.0
2024-06-17 08:00:00,2024-06-17,08:00:00,72.48,72.69,71.83,72.47,3711.0
2024-06-17 09:00:00,2024-06-17,09:00:00,72.49,72.52,72.08,72.17,2057.0
2024-06-17 10:00:00,2024-06-17,10:00:00,72.19,72.48,72.01,72.47,1478.0
2024-06-17 11:00:00,2024-06-17,11:00:00,72.45,72.88,72.35,72.67,1945.0
2024-06-17 12:00:00,2024-06-17,12:00:00,72.69,73.07,72.66,72.82,1964.0
2024-06-17 13:00:00,2024-06-17,13:00:00,72.85,73.07,72.49,72.52,1800.0
2024-06-17 14:00:00,2024-06-17,14:00:00,72.53,72.63,72.27,72.38,2393.0
2024-06-17 15:00:00,2024-06-17,15:00:00,72.38,72.74,72.24,72.48,2697.0
2024-06-18 06:00:00,2024-06-18,06:00:00,72.58,73,72.09,72.12,1549.0
2024-06-18 07:00:00,2024-06-18,07:00:00,72.12,72.62,72.03,72.58,1762.0
2024-06-18 08:00:00,2024-06-18,08:00:00,72.59,73.04,72.39,72.87,2221.0
2024-06-18 09:00:00,2024-06-18,09:00:00,72.87,73.38,72.68,73.09,2818.0
2024-06-18 10:00:00,2024-06-18,10:00:00,73.1,73.57,72.87,72.97,1802.0
2024-06-18 11:00:00,2024-06-18,11:00:00,72.96,73.04,72.72,72.79,1382.0
2024-06-18 12:00:00,2024-06-18,12:00:00,72.81,73.2,72.34,72.53,3526.0
2024-06-18 13:00:00,2024-06-18,13:00:00,72.53,72.87,72.32,72.8,3406.0
2024-06-18 14:00:00,2024-06-18,14:00:00,72.84,73.32,72.78,72.98,2751.0
2024-06-18 15:00:00,2024-06-18,15:00:00,72.98,73.03,72.53,72.7,2256.0
2024-06-19 06:00:00,2024-06-19,06:00:00,73.19,73.23,72.82,73.21,1241.0
2024-06-19 07:00:00,2024-06-19,07:00:00,73.21,73.67,73.02,73.47,2011.0
2024-06-19 08:00:00,2024-06-19,08:00:00,73.48,74.1,73.32,73.83,2439.0
2024-06-19 09:00:00,2024-06-19,09:00:00,73.85,73.87,73.42,73.54,2065.0
2024-06-19 10:00:00,2024-06-19,10:00:00,73.5,73.61,73.07,73.07,1351.0
2024-06-19 11:00:00,2024-06-19,11:00:00,73.06,73.73,73.06,73.49,1372.0
2024-06-19 12:00:00,2024-06-19,12:00:00,73.48,73.95,73.45,73.67,1811.0
2024-06-19 13:00:00,2024-06-19,13:00:00,73.67,74.81,73.62,74.5,4098.0
2024-06-19 14:00:00,2024-06-19,14:00:00,74.51,74.95,74.44,74.72,2083.0
2024-06-19 15:00:00,2024-06-19,15:00:00,74.72,75.13,74.53,75.06,1600.0
2024-06-20 06:00:00,2024-06-20,06:00:00,74.92,75.29,74.6,75.17,1076.0
2024-06-20 07:00:00,2024-06-20,07:00:00,75.16,75.58,75.12,75.38,1872.0
2024-06-20 08:00:00,2024-06-20,08:00:00,75.38,75.92,74.52,74.6,4128.0
2024-06-20 09:00:00,2024-06-20,09:00:00,74.59,74.8,74.28,74.57,2253.0
2024-06-20 10:00:00,2024-06-20,10:00:00,74.59,74.74,74.39,74.71,666.0
2024-06-20 11:00:00,2024-06-20,11:00:00,74.71,74.97,74.52,74.86,880.0
2024-06-20 12:00:00,2024-06-20,12:00:00,74.85,74.96,74.55,74.56,1186.0
2024-06-20 13:00:00,2024-06-20,13:00:00,74.56,74.58,73.37,73.79,3134.0
2024-06-20 14:00:00,2024-06-20,14:00:00,73.76,73.86,73.49,73.74,2211.0
2024-06-20 15:00:00,2024-06-20,15:00:00,73.73,73.86,73.44,73.51,2242.0
2024-06-21 06:00:00,2024-06-21,06:00:00,73.85,73.85,73.02,73.67,1368.0
2024-06-21 07:00:00,2024-06-21,07:00:00,73.69,73.7,73.12,73.36,1532.0
2024-06-21 08:00:00,2024-06-21,08:00:00,73.39,73.78,73.21,73.3,1867.0
2024-06-21 09:00:00,2024-06-21,09:00:00,73.32,73.39,72.82,72.9,2165.0
2024-06-21 10:00:00,2024-06-21,10:00:00,72.89,73.07,72.82,72.95,1163.0
2024-06-21 11:00:00,2024-06-21,11:00:00,72.97,72.97,72.53,72.73,1577.0
2024-06-21 12:00:00,2024-06-21,12:00:00,72.72,72.82,72.31,72.47,2347.0
2024-06-21 13:00:00,2024-06-21,13:00:00,72.47,72.47,72.27,72.32,2439.0
2024-06-21 14:00:00,2024-06-21,14:00:00,72.31,72.84,72.26,72.5,1905.0
2024-06-21 15:00:00,2024-06-21,15:00:00,72.5,72.56,72.3,72.37,1474.0
2024-06-24 06:00:00,2024-06-24,06:00:00,72.34,72.42,71.53,71.56,2748.0
2024-06-24 07:00:00,2024-06-24,07:00:00,71.54,71.72,71.33,71.68,2591.0
2024-06-24 08:00:00,2024-06-24,08:00:00,71.72,72.06,71.47,71.84,2514.0
2024-06-24 09:00:00,2024-06-24,09:00:00,71.86,71.92,71.33,71.52,2978.0
2024-06-24 10:00:00,2024-06-24,10:00:00,71.55,71.64,71.43,71.51,889.0
2024-06-24 11:00:00,2024-06-24,11:00:00,71.5,72.49,71.5,72.45,2649.0
2024-06-24 12:00:00,2024-06-24,12:00:00,72.45,72.6,71.96,72.21,2453.0
2024-06-24 13:00:00,2024-06-24,13:00:00,72.23,72.23,71.47,71.65,2479.0
2024-06-24 14:00:00,2024-06-24,14:00:00,71.63,71.82,71.43,71.65,1782.0
2024-06-24 15:00:00,2024-06-24,15:00:00,71.64,71.94,71.46,71.88,2056.0
2024-06-25 06:00:00,2024-06-25,06:00:00,71.77,72.07,71.17,71.54,1722.0
2024-06-25 07:00:00,2024-06-25,07:00:00,71.55,72.11,71.36,71.89,2558.0
2024-06-25 08:00:00,2024-06-25,08:00:00,71.94,71.98,71.66,71.89,1888.0
2024-06-25 09:00:00,2024-06-25,09:00:00,71.87,71.87,71.18,71.34,2916.0
2024-06-25 10:00:00,2024-06-25,10:00:00,71.35,71.67,71.25,71.57,1010.0
2024-06-25 11:00:00,2024-06-25,11:00:00,71.58,71.81,71.24,71.71,1198.0
2024-06-25 12:00:00,2024-06-25,12:00:00,71.72,72.31,71.64,72.22,1879.0
2024-06-25 13:00:00,2024-06-25,13:00:00,72.22,72.39,71.93,72.11,1495.0
2024-06-25 14:00:00,2024-06-25,14:00:00,72.11,72.39,71.92,72.27,1669.0
2024-06-25 15:00:00,2024-06-25,15:00:00,72.29,72.39,72.07,72.12,1884.0
2024-06-26 06:00:00,2024-06-26,06:00:00,72.51,73.07,72.28,72.9,1468.0
2024-06-26 07:00:00,2024-06-26,07:00:00,72.87,73.23,72.68,73.16,1336.0
2024-06-26 08:00:00,2024-06-26,08:00:00,73.16,73.41,73.07,73.14,1670.0
2024-06-26 09:00:00,2024-06-26,09:00:00,73.1,73.14,72.03,72.18,2781.0
2024-06-26 10:00:00,2024-06-26,10:00:00,72.16,72.34,72.05,72.14,1633.0
2024-06-26 11:00:00,2024-06-26,11:00:00,72.14,72.21,71.65,71.67,1909.0
2024-06-26 12:00:00,2024-06-26,12:00:00,71.69,71.76,71.49,71.69,2574.0
2024-06-26 13:00:00,2024-06-26,13:00:00,71.69,71.82,71.69,71.72,1941.0
2024-06-26 14:00:00,2024-06-26,14:00:00,71.72,71.8,71.13,71.15,4040.0
2024-06-26 15:00:00,2024-06-26,15:00:00,71.14,71.58,71.11,71.55,2184.0
2024-06-27 06:00:00,2024-06-27,06:00:00,71.36,71.79,71.04,71.36,1280.0
2024-06-27 07:00:00,2024-06-27,07:00:00,71.3,71.85,70.99,71.7,1870.0
2024-06-27 08:00:00,2024-06-27,08:00:00,71.6,72.02,71.39,71.88,1619.0
2024-06-27 09:00:00,2024-06-27,09:00:00,71.89,72.1,71.43,71.53,2373.0
2024-06-27 10:00:00,2024-06-27,10:00:00,71.52,71.64,71.25,71.29,1415.0
2024-06-27 11:00:00,2024-06-27,11:00:00,71.28,71.55,70.99,71.16,1485.0
2024-06-27 12:00:00,2024-06-27,12:00:00,71.16,71.16,70.78,71.13,1789.0
2024-06-27 13:00:00,2024-06-27,13:00:00,71.1,71.41,70.78,70.93,2336.0
2024-06-27 14:00:00,2024-06-27,14:00:00,70.93,70.98,70.74,70.9,2204.0
2024-06-27 15:00:00,2024-06-27,15:00:00,70.9,71.08,70.74,70.81,2440.0
2024-06-28 06:00:00,2024-06-28,06:00:00,70.82,71.24,70.81,70.82,591.0
2024-06-28 07:00:00,2024-06-28,07:00:00,70.81,70.85,70.1,70.62,2808.0
2024-06-28 08:00:00,2024-06-28,08:00:00,70.58,70.97,70.49,70.82,1527.0
2024-06-28 09:00:00,2024-06-28,09:00:00,70.88,70.96,70.2,70.45,2085.0
2024-06-28 10:00:00,2024-06-28,10:00:00,70.46,70.97,70.46,70.88,1399.0
2024-06-28 11:00:00,2024-06-28,11:00:00,70.89,71.98,70.85,71.98,2241.0
2024-06-28 12:00:00,2024-06-28,12:00:00,71.98,72.72,71.96,72.23,4412.0
2024-06-28 13:00:00,2024-06-28,13:00:00,72.22,72.48,71.73,71.82,1725.0
2024-06-28 14:00:00,2024-06-28,14:00:00,71.82,72.27,71.51,71.96,1748.0
2024-06-28 15:00:00,2024-06-28,15:00:00,71.95,71.97,71.57,71.68,1731.0
2024-07-01 06:00:00,2024-07-01,06:00:00,71.73,73.02,71.45,72.84,1763.0
2024-07-01 07:00:00,2024-07-01,07:00:00,72.82,74,72.75,73.68,3332.0
2024-07-01 08:00:00,2024-07-01,08:00:00,73.66,73.84,73.44,73.62,1779.0
2024-07-01 09:00:00,2024-07-01,09:00:00,73.62,73.67,72.83,72.95,2603.0
2024-07-01 10:00:00,2024-07-01,10:00:00,72.93,73.26,72.8,72.91,1190.0
2024-07-01 11:00:00,2024-07-01,11:00:00,72.88,73.15,72.64,72.7,1224.0
2024-07-01 12:00:00,2024-07-01,12:00:00,72.74,72.77,72.34,72.65,2084.0
2024-07-01 13:00:00,2024-07-01,13:00:00,72.66,72.81,72.35,72.37,1369.0
2024-07-01 14:00:00,2024-07-01,14:00:00,72.37,72.37,72.03,72.19,1525.0
2024-07-01 15:00:00,2024-07-01,15:00:00,72.18,72.65,72.12,72.65,1821.0
2024-07-02 06:00:00,2024-07-02,06:00:00,72.62,73.06,72.37,72.75,1147.0
2024-07-02 07:00:00,2024-07-02,07:00:00,72.73,72.73,72.09,72.61,1659.0
2024-07-02 08:00:00,2024-07-02,08:00:00,72.62,73.02,72.47,72.62,1856.0
2024-07-02 09:00:00,2024-07-02,09:00:00,72.64,72.73,71.84,71.96,2480.0
2024-07-02 10:00:00,2024-07-02,10:00:00,71.93,72.5,71.89,72.33,858.0
2024-07-02 11:00:00,2024-07-02,11:00:00,72.37,73.69,72.32,73.59,2907.0
2024-07-02 12:00:00,2024-07-02,12:00:00,73.61,73.72,73.36,73.67,1571.0
2024-07-02 13:00:00,2024-07-02,13:00:00,73.65,74.54,73.41,74.22,4481.0
2024-07-02 14:00:00,2024-07-02,14:00:00,74.22,75.18,74.22,74.88,4597.0
2024-07-02 15:00:00,2024-07-02,15:00:00,74.89,75.35,74.87,75.25,3178.0
2024-07-03 06:00:00,2024-07-03,06:00:00,75.02,75.77,74.84,75.12,1690.0
2024-07-03 07:00:00,2024-07-03,07:00:00,75.15,75.69,74.61,75.2,1820.0
2024-07-03 08:00:00,2024-07-03,08:00:00,75.2,75.35,74.57,74.67,1994.0
2024-07-03 09:00:00,2024-07-03,09:00:00,74.67,75.19,74.31,74.93,2215.0
2024-07-03 10:00:00,2024-07-03,10:00:00,74.97,76.17,74.95,75.97,2503.0
2024-07-03 11:00:00,2024-07-03,11:00:00,75.99,76.22,75.67,75.72,1687.0
2024-07-03 12:00:00,2024-07-03,12:00:00,75.72,76.27,75.7,75.97,2716.0
2024-07-03 13:00:00,2024-07-03,13:00:00,75.97,76.04,74.88,75.15,3718.0
2024-07-03 14:00:00,2024-07-03,14:00:00,75.14,75.24,74.84,75.06,1434.0
2024-07-03 15:00:00,2024-07-03,15:00:00,75.1,75.23,74.82,75.23,1935.0
2024-07-04 06:00:00,2024-07-04,06:00:00,75.07,75.48,74.13,74.6,1878.0
2024-07-04 07:00:00,2024-07-04,07:00:00,74.62,75.16,74.48,75.04,2168.0
2024-07-04 08:00:00,2024-07-04,08:00:00,75.06,75.27,74.42,74.71,2089.0
2024-07-04 09:00:00,2024-07-04,09:00:00,74.72,75.21,74.43,74.77,1962.0
2024-07-04 10:00:00,2024-07-04,10:00:00,74.74,75.28,74.72,74.92,1145.0
2024-07-04 11:00:00,2024-07-04,11:00:00,74.9,74.95,74.23,74.43,3177.0
2024-07-04 12:00:00,2024-07-04,12:00:00,74.42,74.87,74.23,74.72,2012.0
2024-07-04 13:00:00,2024-07-04,13:00:00,74.72,75.06,74.58,74.69,1332.0
2024-07-04 14:00:00,2024-07-04,14:00:00,74.69,74.71,74.4,74.45,890.0
2024-07-04 15:00:00,2024-07-04,15:00:00,74.44,74.69,74.31,74.5,1625.0
2024-07-05 06:00:00,2024-07-05,06:00:00,74.39,75.17,74.26,75,764.0
2024-07-05 07:00:00,2024-07-05,07:00:00,74.98,75.56,74.72,74.82,1415.0
2024-07-05 08:00:00,2024-07-05,08:00:00,74.86,75.07,74.45,74.48,1260.0
2024-07-05 09:00:00,2024-07-05,09:00:00,74.48,75.14,74.4,75.1,1433.0
2024-07-05 10:00:00,2024-07-05,10:00:00,75.12,75.22,74.9,74.95,802.0
2024-07-05 11:00:00,2024-07-05,11:00:00,74.92,75.09,74.73,74.88,940.0
2024-07-05 12:00:00,2024-07-05,12:00:00,74.87,75.01,74.67,74.72,1148.0
2024-07-05 13:00:00,2024-07-05,13:00:00,74.71,74.74,74.4,74.6,1605.0
2024-07-05 14:00:00,2024-07-05,14:00:00,74.57,74.86,74.4,74.64,1092.0
2024-07-05 15:00:00,2024-07-05,15:00:00,74.67,74.77,74.52,74.67,1350.0
2024-07-08 06:00:00,2024-07-08,06:00:00,74.91,75.6,74.91,75.07,1406.0
2024-07-08 07:00:00,2024-07-08,07:00:00,75.09,75.64,75.02,75.39,1911.0
2024-07-08 08:00:00,2024-07-08,08:00:00,75.39,76.17,75.39,75.76,2837.0
2024-07-08 09:00:00,2024-07-08,09:00:00,75.78,75.87,74.93,75.03,2301.0
2024-07-08 10:00:00,2024-07-08,10:00:00,75.02,75.02,74.2,74.32,3672.0
2024-07-08 11:00:00,2024-07-08,11:00:00,74.34,74.42,74.2,74.2,1551.0
2024-07-08 12:00:00,2024-07-08,12:00:00,74.21,74.25,73.58,73.73,3352.0
2024-07-08 13:00:00,2024-07-08,13:00:00,73.78,74.08,73.43,73.59,1643.0
2024-07-08 14:00:00,2024-07-08,14:00:00,73.58,73.58,73.12,73.23,2282.0
2024-07-08 15:00:00,2024-07-08,15:00:00,73.22,73.45,73.15,73.36,1563.0
2024-07-09 06:00:00,2024-07-09,06:00:00,73.3,73.52,72.72,73.1,1093.0
2024-07-09 07:00:00,2024-07-09,07:00:00,73.07,73.22,72.82,72.9,1264.0
2024-07-09 08:00:00,2024-07-09,08:00:00,72.89,73.25,72.69,72.95,2011.0
2024-07-09 09:00:00,2024-07-09,09:00:00,72.99,73.08,72.6,72.77,2700.0
2024-07-09 10:00:00,2024-07-09,10:00:00,72.77,73.21,72.77,72.86,777.0
2024-07-09 11:00:00,2024-07-09,11:00:00,72.89,73.34,72.89,73.23,738.0
2024-07-09 12:00:00,2024-07-09,12:00:00,73.26,73.36,72.51,72.54,1868.0
2024-07-09 13:00:00,2024-07-09,13:00:00,72.53,72.77,72.43,72.62,1902.0
2024-07-09 14:00:00,2024-07-09,14:00:00,72.63,73.03,72.5,72.84,1291.0
2024-07-09 15:00:00,2024-07-09,15:00:00,72.82,73.08,72.68,72.84,1409.0
2024-07-10 06:00:00,2024-07-10,06:00:00,72.98,72.98,72.62,72.88,537.0
2024-07-10 07:00:00,2024-07-10,07:00:00,72.92,73.57,72.88,73.42,2240.0
2024-07-10 08:00:00,2024-07-10,08:00:00,73.43,73.75,73.17,73.22,1596.0
2024-07-10 09:00:00,2024-07-10,09:00:00,73.22,73.28,72.67,73.15,2178.0
2024-07-10 10:00:00,2024-07-10,10:00:00,73.12,73.44,72.76,72.76,924.0
2024-07-10 11:00:00,2024-07-10,11:00:00,72.74,72.95,72.57,72.61,853.0
2024-07-10 12:00:00,2024-07-10,12:00:00,72.63,72.69,72.27,72.38,1670.0
2024-07-10 13:00:00,2024-07-10,13:00:00,72.36,72.62,72.24,72.33,1420.0
2024-07-10 14:00:00,2024-07-10,14:00:00,72.33,72.59,72.18,72.37,1761.0
2024-07-10 15:00:00,2024-07-10,15:00:00,72.37,72.52,72.22,72.28,1325.0
2024-07-11 06:00:00,2024-07-11,06:00:00,72.47,72.62,72.17,72.35,938.0
2024-07-11 07:00:00,2024-07-11,07:00:00,72.34,72.41,71.92,72.05,1675.0
2024-07-11 08:00:00,2024-07-11,08:00:00,72.03,72.78,71.97,72.39,2309.0
2024-07-11 09:00:00,2024-07-11,09:00:00,72.39,72.92,72.32,72.6,2035.0
2024-07-11 10:00:00,2024-07-11,10:00:00,72.56,72.79,72.42,72.65,687.0
2024-07-11 11:00:00,2024-07-11,11:00:00,72.67,73.15,72.64,72.64,1623.0
2024-07-11 12:00:00,2024-07-11,12:00:00,72.66,72.74,72.31,72.35,1508.0
2024-07-11 13:00:00,2024-07-11,13:00:00,72.35,72.44,72.25,72.29,1136.0
2024-07-11 14:00:00,2024-07-11,14:00:00,72.31,72.82,72.27,72.69,1383.0
2024-07-11 15:00:00,2024-07-11,15:00:00,72.71,72.88,72.51,72.84,1300.0
2024-07-12 06:00:00,2024-07-12,06:00:00,72.84,73.38,72.72,72.92,991.0
2024-07-12 07:00:00,2024-07-12,07:00:00,72.91,72.99,72.49,72.53,1275.0
2024-07-12 08:00:00,2024-07-12,08:00:00,72.57,73.06,72.46,72.77,1661.0
2024-07-12 09:00:00,2024-07-12,09:00:00,72.78,73.16,72.62,73.1,1475.0
2024-07-12 10:00:00,2024-07-12,10:00:00,73.11,73.2,72.86,72.98,870.0
2024-07-12 11:00:00,2024-07-12,11:00:00,72.98,72.98,72.49,72.54,1278.0
2024-07-12 12:00:00,2024-07-12,12:00:00,72.54,72.75,72.37,72.41,1432.0
2024-07-12 13:00:00,2024-07-12,13:00:00,72.43,72.65,72.01,72.61,2104.0
2024-07-12 14:00:00,2024-07-12,14:00:00,72.65,73.4,72.59,73.14,3009.0
2024-07-12 15:00:00,2024-07-12,15:00:00,73.16,73.85,73.16,73.67,2967.0
2024-07-15 06:00:00,2024-07-15,06:00:00,73.9,73.9,73.06,73.12,972.0
2024-07-15 07:00:00,2024-07-15,07:00:00,73.12,73.12,72.62,72.87,1843.0
2024-07-15 08:00:00,2024-07-15,08:00:00,72.87,72.87,72.03,72.06,2939.0
2024-07-15 09:00:00,2024-07-15,09:00:00,72.05,72.22,71.9,72.13,2513.0
2024-07-15 10:00:00,2024-07-15,10:00:00,72.12,72.45,71.94,72.44,1414.0
2024-07-15 11:00:00,2024-07-15,11:00:00,72.41,72.68,71.95,72.62,1527.0
2024-07-15 12:00:00,2024-07-15,12:00:00,72.62,72.66,71.98,72.22,1921.0
2024-07-15 13:00:00,2024-07-15,13:00:00,72.18,72.18,71.41,71.63,3586.0
2024-07-15 14:00:00,2024-07-15,14:00:00,71.62,71.91,71.53,71.78,1626.0
2024-07-15 15:00:00,2024-07-15,15:00:00,71.78,72.07,71.66,71.9,2241.0
2024-07-16 06:00:00,2024-07-16,06:00:00,72.17,72.3,71.99,72.1,1084.0
2024-07-16 07:00:00,2024-07-16,07:00:00,72.13,72.56,71.84,72.02,2015.0
2024-07-16 08:00:00,2024-07-16,08:00:00,72.02,72.13,71.59,71.6,2233.0
2024-07-16 09:00:00,2024-07-16,09:00:00,71.6,72,71.48,71.95,1788.0
2024-07-16 10:00:00,2024-07-16,10:00:00,71.95,72.24,71.83,72.02,1882.0
2024-07-16 11:00:00,2024-07-16,11:00:00,72.03,72.32,71.88,71.96,1298.0
2024-07-16 12:00:00,2024-07-16,12:00:00,71.96,71.98,71.67,71.72,1668.0
2024-07-16 13:00:00,2024-07-16,13:00:00,71.74,72.27,71.62,72.17,1416.0
2024-07-16 14:00:00,2024-07-16,14:00:00,72.17,72.52,71.87,72.39,1863.0
2024-07-16 15:00:00,2024-07-16,15:00:00,72.36,72.62,72.21,72.26,1898.0
2024-07-17 06:00:00,2024-07-17,06:00:00,72.33,72.45,72.08,72.3,686.0
2024-07-17 07:00:00,2024-07-17,07:00:00,72.32,72.33,71.85,72.02,1422.0
2024-07-17 08:00:00,2024-07-17,08:00:00,72.02,72.43,71.93,71.98,1846.0
2024-07-17 09:00:00,2024-07-17,09:00:00,71.99,72.23,71.86,71.92,1171.0
2024-07-17 10:00:00,2024-07-17,10:00:00,71.92,72.04,71.66,72.02,1222.0
2024-07-17 11:00:00,2024-07-17,11:00:00,72.04,72.44,71.66,71.72,1680.0
2024-07-17 12:00:00,2024-07-17,12:00:00,71.72,71.74,71.38,71.48,2599.0
2024-07-17 13:00:00,2024-07-17,13:00:00,71.48,71.5,71.07,71.17,2660.0
2024-07-17 14:00:00,2024-07-17,14:00:00,71.19,71.22,70.98,71.03,1620.0
2024-07-17 15:00:00,2024-07-17,15:00:00,71.03,71.08,70.73,70.74,2887.0
2024-07-18 06:00:00,2024-07-18,06:00:00,70.75,70.86,70.51,70.56,1080.0
2024-07-18 07:00:00,2024-07-18,07:00:00,70.54,70.98,70.37,70.72,1694.0
2024-07-18 08:00:00,2024-07-18,08:00:00,70.73,70.95,70.38,70.53,2050.0
2024-07-18 09:00:00,2024-07-18,09:00:00,70.52,70.69,70.37,70.47,1679.0
2024-07-18 10:00:00,2024-07-18,10:00:00,70.5,70.54,70.39,70.43,741.0
2024-07-18 11:00:00,2024-07-18,11:00:00,70.43,70.62,70.33,70.39,1265.0
2024-07-18 12:00:00,2024-07-18,12:00:00,70.4,70.75,70.39,70.72,1441.0
2024-07-18 13:00:00,2024-07-18,13:00:00,70.7,71.3,70.64,71.16,2977.0
2024-07-18 14:00:00,2024-07-18,14:00:00,71.15,71.16,70.74,71,1342.0
2024-07-18 15:00:00,2024-07-18,15:00:00,71.03,71.03,70.33,70.43,1930.0
2024-07-19 06:00:00,2024-07-19,06:00:00,70.67,70.98,70.32,70.69,492.0
2024-07-19 07:00:00,2024-07-19,07:00:00,70.66,70.72,70.15,70.21,1344.0
2024-07-19 08:00:00,2024-07-19,08:00:00,70.21,70.47,70.04,70.19,1796.0
2024-07-19 09:00:00,2024-07-19,09:00:00,70.26,70.57,70.19,70.46,881.0
2024-07-19 10:00:00,2024-07-19,10:00:00,70.48,70.79,70.06,70.66,1785.0
2024-07-19 11:00:00,2024-07-19,11:00:00,70.66,70.95,70.55,70.63,760.0
2024-07-19 12:00:00,2024-07-19,12:00:00,70.62,71.04,70.42,70.99,1406.0
2024-07-19 13:00:00,2024-07-19,13:00:00,70.99,71.81,70.99,71.39,2764.0
2024-07-19 14:00:00,2024-07-19,14:00:00,71.39,71.41,70.68,70.72,1430.0
2024-07-19 15:00:00,2024-07-19,15:00:00,70.71,70.81,70.25,70.32,2019.0
2024-07-22 06:00:00,2024-07-22,06:00:00,70.6,71.11,70.28,70.49,1699.0
2024-07-22 07:00:00,2024-07-22,07:00:00,70.45,70.49,69.87,69.96,2860.0
2024-07-22 08:00:00,2024-07-22,08:00:00,69.94,70.01,69.69,69.7,2622.0
2024-07-22 09:00:00,2024-07-22,09:00:00,69.7,69.97,69.6,69.61,1830.0
2024-07-22 10:00:00,2024-07-22,10:00:00,69.62,69.66,69.34,69.34,2261.0
2024-07-22 11:00:00,2024-07-22,11:00:00,69.36,69.42,69.13,69.27,2809.0
2024-07-22 12:00:00,2024-07-22,12:00:00,69.28,69.68,69.22,69.48,2170.0
2024-07-22 13:00:00,2024-07-22,13:00:00,69.47,69.61,69,69.03,2647.0
2024-07-22 14:00:00,2024-07-22,14:00:00,69.01,69.2,68.56,68.81,3243.0
2024-07-22 15:00:00,2024-07-22,15:00:00,68.81,69.27,68.81,69.11,1711.0
2024-07-23 06:00:00,2024-07-23,06:00:00,69.05,69.19,68.68,68.8,890.0
2024-07-23 07:00:00,2024-07-23,07:00:00,68.79,69.53,68.58,69.48,2299.0
2024-07-23 08:00:00,2024-07-23,08:00:00,69.48,69.51,69.04,69.13,1905.0
2024-07-23 09:00:00,2024-07-23,09:00:00,69.12,69.64,68.97,69.34,1947.0
2024-07-23 10:00:00,2024-07-23,10:00:00,69.37,69.64,69.33,69.56,889.0
2024-07-23 11:00:00,2024-07-23,11:00:00,69.57,70.01,69.51,69.96,1885.0
2024-07-23 12:00:00,2024-07-23,12:00:00,69.92,70.27,69.73,70.01,2111.0
2024-07-23 13:00:00,2024-07-23,13:00:00,70.01,70.5,69.93,70.23,1883.0
2024-07-23 14:00:00,2024-07-23,14:00:00,70.28,70.56,70.17,70.21,2007.0
2024-07-23 15:00:00,2024-07-23,15:00:00,70.21,70.26,69.87,70.11,2025.0
2024-07-24 06:00:00,2024-07-24,06:00:00,70.11,70.45,69.9,70.27,794.0
2024-07-24 07:00:00,2024-07-24,07:00:00,70.24,71.41,69.87,71.02,3836.0
2024-07-24 08:00:00,2024-07-24,08:00:00,71.06,71.51,70.78,71.35,2008.0
2024-07-24 09:00:00,2024-07-24,09:00:00,71.36,71.65,71.24,71.45,1942.0
2024-07-24 10:00:00,2024-07-24,10:00:00,71.49,71.76,71.4,71.72,1022.0
2024-07-24 11:00:00,2024-07-24,11:00:00,71.72,71.87,71.56,71.64,1546.0
2024-07-24 12:00:00,2024-07-24,12:00:00,71.62,71.85,71.34,71.75,1922.0
2024-07-24 13:00:00,2024-07-24,13:00:00,71.76,72.32,71.67,72.3,3285.0
2024-07-24 14:00:00,2024-07-24,14:00:00,72.3,73.14,72.27,72.69,4148.0
2024-07-24 15:00:00,2024-07-24,15:00:00,72.69,73.36,72.49,73.22,3611.0
2024-07-25 06:00:00,2024-07-25,06:00:00,73.23,73.26,72.37,72.4,1924.0
2024-07-25 07:00:00,2024-07-25,07:00:00,72.39,72.51,72.1,72.21,2139.0
2024-07-25 08:00:00,2024-07-25,08:00:00,72.19,72.55,72.01,72.02,2173.0
2024-07-25 09:00:00,2024-07-25,09:00:00,72.02,72.67,72.02,72.37,2130.0
2024-07-25 10:00:00,2024-07-25,10:00:00,72.35,72.39,72.12,72.31,981.0
2024-07-25 11:00:00,2024-07-25,11:00:00,72.27,72.52,71.88,71.91,1059.0
2024-07-25 12:00:00,2024-07-25,12:00:00,71.92,72.11,71.8,71.93,1763.0
2024-07-25 13:00:00,2024-07-25,13:00:00,71.87,72.57,71.82,72.3,1650.0
2024-07-25 14:00:00,2024-07-25,14:00:00,72.32,72.32,71.32,71.33,3353.0
2024-07-25 15:00:00,2024-07-25,15:00:00,71.33,71.47,70.92,71.4,2817.0
2024-07-26 06:00:00,2024-07-26,06:00:00,71.33,71.88,71.11,71.72,818.0
2024-07-26 07:00:00,2024-07-26,07:00:00,71.64,72.05,71.58,71.94,1380.0
2024-07-26 08:00:00,2024-07-26,08:00:00,71.95,72.13,71.58,71.87,1391.0
2024-07-26 09:00:00,2024-07-26,09:00:00,71.87,71.87,71.48,71.7,1214.0
2024-07-26 10:00:00,2024-07-26,10:00:00,71.7,71.94,71.47,71.59,988.0
2024-07-26 11:00:00,2024-07-26,11:00:00,71.6,72.04,71.5,71.57,841.0
2024-07-26 12:00:00,2024-07-26,12:00:00,71.6,72.07,71.53,71.93,1237.0
2024-07-26 13:00:00,2024-07-26,13:00:00,71.96,72.58,71.92,72.33,1699.0
2024-07-26 14:00:00,2024-07-26,14:00:00,72.34,72.47,72.07,72.17,1076.0
2024-07-26 15:00:00,2024-07-26,15:00:00,72.18,72.28,71.95,72.03,1452.0
2024-07-29 06:00:00,2024-07-29,06:00:00,72.02,72.02,71.52,71.73,943.0
2024-07-29 07:00:00,2024-07-29,07:00:00,71.7,73.22,71.61,72.88,2786.0
2024-07-29 08:00:00,2024-07-29,08:00:00,72.84,73.17,72.47,72.52,2032.0
2024-07-29 09:00:00,2024-07-29,09:00:00,72.52,72.82,72.48,72.63,1254.0
2024-07-29 10:00:00,2024-07-29,10:00:00,72.62,73.02,72.59,72.76,657.0
2024-07-29 11:00:00,2024-07-29,11:00:00,72.73,72.84,72.05,72.23,1388.0
2024-07-29 12:00:00,2024-07-29,12:00:00,72.21,72.57,72.02,72.41,1081.0
2024-07-29 13:00:00,2024-07-29,13:00:00,72.42,72.74,72.38,72.6,1289.0
2024-07-29 14:00:00,2024-07-29,14:00:00,72.6,73.02,72.57,72.97,1343.0
2024-07-29 15:00:00,2024-07-29,15:00:00,72.98,73.18,72.85,73.1,2087.0
2024-07-30 06:00:00,2024-07-30,06:00:00,73.21,73.62,72.44,72.53,1390.0
2024-07-30 07:00:00,2024-07-30,07:00:00,72.48,72.65,72.17,72.27,1853.0
2024-07-30 08:00:00,2024-07-30,08:00:00,72.29,72.46,71.95,72.14,2197.0
2024-07-30 09:00:00,2024-07-30,09:00:00,72.15,72.26,71.79,71.84,2773.0
2024-07-30 10:00:00,2024-07-30,10:00:00,71.83,72.11,71.79,72,928.0
2024-07-30 11:00:00,2024-07-30,11:00:00,72,72.32,71.93,71.96,943.0
2024-07-30 12:00:00,2024-07-30,12:00:00,71.94,72.03,71.83,71.87,1376.0
2024-07-30 13:00:00,2024-07-30,13:00:00,71.87,72.03,71.83,71.91,1379.0
2024-07-30 14:00:00,2024-07-30,14:00:00,71.94,72.95,71.91,72.63,2737.0
2024-07-30 15:00:00,2024-07-30,15:00:00,72.64,72.99,72.64,72.9,2014.0
2024-07-31 06:00:00,2024-07-31,06:00:00,73.04,73.62,72.87,73.62,1275.0
2024-07-31 07:00:00,2024-07-31,07:00:00,73.59,73.62,73.09,73.09,1932.0
2024-07-31 08:00:00,2024-07-31,08:00:00,73.11,73.82,73.04,73.54,2099.0
2024-07-31 09:00:00,2024-07-31,09:00:00,73.59,73.69,73.2,73.58,1610.0
2024-07-31 10:00:00,2024-07-31,10:00:00,73.6,73.6,73.25,73.5,1006.0
2024-07-31 11:00:00,2024-07-31,11:00:00,73.49,73.49,72.36,72.59,2142.0
2024-07-31 12:00:00,2024-07-31,12:00:00,72.57,73.45,72.35,73.41,2810.0
2024-07-31 13:00:00,2024-07-31,13:00:00,73.44,73.5,73.07,73.32,1455.0
2024-07-31 14:00:00,2024-07-31,14:00:00,73.31,73.78,73.24,73.63,2474.0
2024-07-31 15:00:00,2024-07-31,15:00:00,73.65,73.72,73.38,73.56,1679.0
2024-08-01 06:00:00,2024-08-01,06:00:00,73.87,74.08,73.6,73.86,1023.0
2024-08-01 07:00:00,2024-08-01,07:00:00,73.85,74.01,73.34,73.34,2159.0
2024-08-01 08:00:00,2024-08-01,08:00:00,73.33,73.58,73.15,73.48,2391.0
2024-08-01 09:00:00,2024-08-01,09:00:00,73.47,74.12,73.47,74.07,1971.0
2024-08-01 10:00:00,2024-08-01,10:00:00,74.06,74.93,74.01,74.56,4962.0
2024-08-01 11:00:00,2024-08-01,11:00:00,74.54,75.32,74.47,75.12,3336.0
2024-08-01 12:00:00,2024-08-01,12:00:00,75.12,75.67,75.12,75.56,3656.0
2024-08-01 13:00:00,2024-08-01,13:00:00,75.54,75.81,75.27,75.69,2387.0
2024-08-01 14:00:00,2024-08-01,14:00:00,75.69,75.82,75.37,75.68,2650.0
2024-08-01 15:00:00,2024-08-01,15:00:00,75.67,75.69,75.33,75.49,3034.0
2024-08-02 06:00:00,2024-08-02,06:00:00,75.5,75.62,75.07,75.22,1260.0
2024-08-02 07:00:00,2024-08-02,07:00:00,75.23,75.5,74.91,75.17,1972.0
2024-08-02 08:00:00,2024-08-02,08:00:00,75.27,75.63,75.22,75.32,2027.0
2024-08-02 09:00:00,2024-08-02,09:00:00,75.32,75.49,74.99,75.32,1410.0
2024-08-02 10:00:00,2024-08-02,10:00:00,75.34,75.46,75.03,75.45,1366.0
2024-08-02 11:00:00,2024-08-02,11:00:00,75.46,75.54,74.87,75.12,1723.0
2024-08-02 12:00:00,2024-08-02,12:00:00,75.09,75.19,73.96,73.96,3134.0
2024-08-02 13:00:00,2024-08-02,13:00:00,73.95,74.81,73.75,74.65,3277.0
2024-08-02 14:00:00,2024-08-02,14:00:00,74.67,74.94,74.46,74.92,1717.0
2024-08-02 15:00:00,2024-08-02,15:00:00,74.92,75.01,74.62,74.76,1661.0
2024-08-05 06:00:00,2024-08-05,06:00:00,74.21,74.21,72.73,72.85,2763.0
2024-08-05 07:00:00,2024-08-05,07:00:00,72.86,73.27,72.72,73.11,2230.0
2024-08-05 08:00:00,2024-08-05,08:00:00,73.13,73.13,72.17,72.2,3138.0
2024-08-05 09:00:00,2024-08-05,09:00:00,72.2,73.1,72.18,73.07,1712.0
2024-08-05 10:00:00,2024-08-05,10:00:00,73.05,73.12,72.77,72.9,920.0
2024-08-05 11:00:00,2024-08-05,11:00:00,72.89,72.92,72.36,72.58,1725.0
2024-08-05 12:00:00,2024-08-05,12:00:00,72.57,72.94,72.52,72.7,1631.0
2024-08-05 13:00:00,2024-08-05,13:00:00,72.72,73.13,72.71,73.1,1270.0
2024-08-05 14:00:00,2024-08-05,14:00:00,73.13,73.22,72.36,73.01,1690.0
2024-08-05 15:00:00,2024-08-05,15:00:00,72.94,73.4,72.94,73.18,2180.0
2024-08-06 06:00:00,2024-08-06,06:00:00,73.34,74.45,73.34,74.28,2213.0
2024-08-06 07:00:00,2024-08-06,07:00:00,74.31,74.71,74.01,74.29,1962.0
2024-08-06 08:00:00,2024-08-06,08:00:00,74.3,74.46,73.89,74,1903.0
2024-08-06 09:00:00,2024-08-06,09:00:00,74,74.52,73.95,74.4,2081.0
2024-08-06 10:00:00,2024-08-06,10:00:00,74.38,74.52,74.25,74.49,1022.0
2024-08-06 11:00:00,2024-08-06,11:00:00,74.43,74.52,74.21,74.5,1036.0
2024-08-06 12:00:00,2024-08-06,12:00:00,74.5,74.63,74.06,74.15,1596.0
2024-08-06 13:00:00,2024-08-06,13:00:00,74.12,74.56,74.01,74.56,1919.0
2024-08-06 14:00:00,2024-08-06,14:00:00,74.54,74.69,74.08,74.41,1570.0
2024-08-06 15:00:00,2024-08-06,15:00:00,74.42,74.43,74.08,74.24,1651.0
2024-08-07 06:00:00,2024-08-07,06:00:00,74.28,74.67,73.72,73.82,1119.0
2024-08-07 07:00:00,2024-08-07,07:00:00,73.84,73.98,73.42,73.82,1617.0
2024-08-07 08:00:00,2024-08-07,08:00:00,73.83,74.26,73.71,74.1,1550.0
2024-08-07 09:00:00,2024-08-07,09:00:00,74.11,74.47,74.08,74.41,1539.0
2024-08-07 10:00:00,2024-08-07,10:00:00,74.41,74.53,74.07,74.26,817.0
2024-08-07 11:00:00,2024-08-07,11:00:00,74.27,75.55,74.26,75.42,4009.0
2024-08-07 12:00:00,2024-08-07,12:00:00,75.42,75.75,75.19,75.19,3060.0
2024-08-07 13:00:00,2024-08-07,13:00:00,75.22,75.28,74.47,74.7,3497.0
2024-08-07 14:00:00,2024-08-07,14:00:00,74.71,75.18,74.69,75.11,1408.0
2024-08-07 15:00:00,2024-08-07,15:00:00,75.1,75.42,74.84,75.13,2031.0
2024-08-08 06:00:00,2024-08-08,06:00:00,75.51,75.82,74.58,75.48,1671.0
2024-08-08 07:00:00,2024-08-08,07:00:00,75.51,75.65,74.41,74.52,2014.0
2024-08-08 08:00:00,2024-08-08,08:00:00,74.53,74.64,74.15,74.22,1961.0
2024-08-08 09:00:00,2024-08-08,09:00:00,74.2,74.77,74.04,74.72,2036.0
2024-08-08 10:00:00,2024-08-08,10:00:00,74.72,75.11,74.67,74.97,1052.0
2024-08-08 11:00:00,2024-08-08,11:00:00,74.98,75.17,74.47,74.48,1338.0
2024-08-08 12:00:00,2024-08-08,12:00:00,74.5,74.72,74.33,74.68,1263.0
2024-08-08 13:00:00,2024-08-08,13:00:00,74.68,76.05,74.63,75.05,4927.0
2024-08-08 14:00:00,2024-08-08,14:00:00,75.05,75.33,74.64,75.15,2662.0
2024-08-08 15:00:00,2024-08-08,15:00:00,75.16,75.47,75.12,75.15,2050.0
2024-08-09 06:00:00,2024-08-09,06:00:00,75.32,75.42,74.81,75.23,764.0
2024-08-09 07:00:00,2024-08-09,07:00:00,75.28,76.18,75.28,75.65,2799.0
2024-08-09 08:00:00,2024-08-09,08:00:00,75.68,75.82,75.08,75.17,1731.0
2024-08-09 09:00:00,2024-08-09,09:00:00,75.13,75.7,75.07,75.68,1608.0
2024-08-09 10:00:00,2024-08-09,10:00:00,75.67,75.74,75.19,75.4,1203.0
2024-08-09 11:00:00,2024-08-09,11:00:00,75.37,75.52,74.68,74.86,2063.0
2024-08-09 12:00:00,2024-08-09,12:00:00,74.86,74.86,73.93,74.55,2999.0
2024-08-09 13:00:00,2024-08-09,13:00:00,74.54,74.66,74.21,74.56,1544.0
2024-08-09 14:00:00,2024-08-09,14:00:00,74.54,74.8,74.41,74.44,1347.0
2024-08-09 15:00:00,2024-08-09,15:00:00,74.44,74.56,74.14,74.16,1776.0
2024-08-12 06:00:00,2024-08-12,06:00:00,74.4,74.64,73.78,74.32,1611.0
2024-08-12 07:00:00,2024-08-12,07:00:00,74.32,75.89,74.32,75.69,2551.0
2024-08-12 08:00:00,2024-08-12,08:00:00,75.69,77.21,75.69,76.81,6802.0
2024-08-12 09:00:00,2024-08-12,09:00:00,76.79,77.09,76.49,77.01,3238.0
2024-08-12 10:00:00,2024-08-12,10:00:00,77,77.78,77,77.63,3200.0
2024-08-12 11:00:00,2024-08-12,11:00:00,77.69,78.03,77.2,77.7,3145.0
2024-08-12 12:00:00,2024-08-12,12:00:00,77.72,78.29,77.72,78.07,3531.0
2024-08-12 13:00:00,2024-08-12,13:00:00,78.07,78.45,77.09,77.46,4761.0
2024-08-12 14:00:00,2024-08-12,14:00:00,77.46,77.69,77.12,77.23,2610.0
2024-08-12 15:00:00,2024-08-12,15:00:00,77.26,77.31,76.63,77.18,3104.0
2024-08-13 06:00:00,2024-08-13,06:00:00,76.46,77.19,76.35,76.57,1528.0
2024-08-13 07:00:00,2024-08-13,07:00:00,76.56,77.38,76.5,76.57,2277.0
2024-08-13 08:00:00,2024-08-13,08:00:00,76.6,76.85,76.35,76.39,1797.0
2024-08-13 09:00:00,2024-08-13,09:00:00,76.39,76.99,76.07,76.6,3144.0
2024-08-13 10:00:00,2024-08-13,10:00:00,76.62,77.04,76.6,76.92,1242.0
2024-08-13 11:00:00,2024-08-13,11:00:00,76.91,77.05,76.17,76.29,2306.0
2024-08-13 12:00:00,2024-08-13,12:00:00,76.28,76.7,76.03,76.46,2766.0
2024-08-13 13:00:00,2024-08-13,13:00:00,76.45,76.67,75.83,76.02,2578.0
2024-08-13 14:00:00,2024-08-13,14:00:00,76.02,76.08,75.58,75.8,1768.0
2024-08-13 15:00:00,2024-08-13,15:00:00,75.8,75.8,75.46,75.7,2115.0
2024-08-14 06:00:00,2024-08-14,06:00:00,75.67,76.14,75.58,76.06,639.0
2024-08-14 07:00:00,2024-08-14,07:00:00,76.09,76.76,76.05,76.45,2071.0
2024-08-14 08:00:00,2024-08-14,08:00:00,76.47,76.71,76.07,76.11,1674.0
2024-08-14 09:00:00,2024-08-14,09:00:00,76.12,76.41,75.83,76.17,1189.0
2024-08-14 10:00:00,2024-08-14,10:00:00,76.19,76.67,76.17,76.48,731.0
2024-08-14 11:00:00,2024-08-14,11:00:00,76.5,76.55,75.86,76.22,1332.0
2024-08-14 12:00:00,2024-08-14,12:00:00,76.19,76.56,76,76.23,1190.0
2024-08-14 13:00:00,2024-08-14,13:00:00,76.21,76.56,76.21,76.51,761.0
2024-08-14 14:00:00,2024-08-14,14:00:00,76.51,76.51,76,76.34,1447.0
2024-08-14 15:00:00,2024-08-14,15:00:00,76.32,76.37,76.07,76.11,1215.0
2024-08-15 06:00:00,2024-08-15,06:00:00,76.3,76.3,75.37,75.57,1110.0
2024-08-15 07:00:00,2024-08-15,07:00:00,75.58,76.12,75.35,75.38,2019.0
2024-08-15 08:00:00,2024-08-15,08:00:00,75.39,75.46,75.03,75.25,4027.0
2024-08-15 09:00:00,2024-08-15,09:00:00,75.25,75.9,75.25,75.58,1823.0
2024-08-15 10:00:00,2024-08-15,10:00:00,75.61,75.9,75.51,75.61,724.0
2024-08-15 11:00:00,2024-08-15,11:00:00,75.61,75.66,75.16,75.41,1234.0
2024-08-15 12:00:00,2024-08-15,12:00:00,75.44,75.48,74.8,75.44,2068.0
2024-08-15 13:00:00,2024-08-15,13:00:00,75.44,76.55,75.41,76.37,3105.0
2024-08-15 14:00:00,2024-08-15,14:00:00,76.4,76.53,76.02,76.17,1069.0
2024-08-15 15:00:00,2024-08-15,15:00:00,76.18,76.55,76.17,76.47,1096.0
2024-08-19 06:00:00,2024-08-19,06:00:00,76.82,76.93,76.33,76.62,621.0
2024-08-19 07:00:00,2024-08-19,07:00:00,76.62,76.88,76.35,76.51,1415.0
2024-08-19 08:00:00,2024-08-19,08:00:00,76.51,77.09,76.36,76.74,2407.0
2024-08-19 09:00:00,2024-08-19,09:00:00,76.77,77.82,76.72,77.65,2518.0
2024-08-19 10:00:00,2024-08-19,10:00:00,77.64,78.02,77.57,77.88,1359.0
2024-08-19 11:00:00,2024-08-19,11:00:00,77.88,77.89,77.47,77.86,1276.0
2024-08-19 12:00:00,2024-08-19,12:00:00,77.89,78.12,77.36,77.39,1761.0
2024-08-19 13:00:00,2024-08-19,13:00:00,77.39,77.88,77.28,77.67,1939.0
2024-08-19 14:00:00,2024-08-19,14:00:00,77.67,77.67,77.29,77.54,1192.0
2024-08-19 15:00:00,2024-08-19,15:00:00,77.53,77.63,77.29,77.51,1445.0
2024-08-20 06:00:00,2024-08-20,06:00:00,77.26,77.79,77.08,77.59,1000.0
2024-08-20 07:00:00,2024-08-20,07:00:00,77.59,77.97,77.49,77.64,1400.0
2024-08-20 08:00:00,2024-08-20,08:00:00,77.69,77.8,77.51,77.66,1452.0
2024-08-20 09:00:00,2024-08-20,09:00:00,77.64,78.31,77.61,78.26,2152.0
2024-08-20 10:00:00,2024-08-20,10:00:00,78.27,79.07,78.27,78.49,2223.0
2024-08-20 11:00:00,2024-08-20,11:00:00,78.52,78.56,78.18,78.31,1758.0
2024-08-20 12:00:00,2024-08-20,12:00:00,78.31,78.34,77.9,78.19,2402.0
2024-08-20 13:00:00,2024-08-20,13:00:00,78.2,78.33,77.97,77.97,1328.0
2024-08-20 14:00:00,2024-08-20,14:00:00,77.98,78,77.5,77.55,2496.0
2024-08-20 15:00:00,2024-08-20,15:00:00,77.55,77.64,76.97,77.63,2417.0
2024-08-21 06:00:00,2024-08-21,06:00:00,77.61,77.71,77.14,77.59,724.0
2024-08-21 07:00:00,2024-08-21,07:00:00,77.58,78,77.53,77.86,1193.0
2024-08-21 08:00:00,2024-08-21,08:00:00,77.85,78.15,77.54,78.09,1563.0
2024-08-21 09:00:00,2024-08-21,09:00:00,78.1,78.14,77.43,77.54,1527.0
2024-08-21 10:00:00,2024-08-21,10:00:00,77.53,77.54,77.07,77.25,1903.0
2024-08-21 11:00:00,2024-08-21,11:00:00,77.23,77.24,76.69,77.01,1447.0
2024-08-21 12:00:00,2024-08-21,12:00:00,77.03,77.36,76.68,77.23,1488.0
2024-08-21 13:00:00,2024-08-21,13:00:00,77.22,77.62,76.86,76.95,1737.0
2024-08-21 14:00:00,2024-08-21,14:00:00,76.94,76.98,76.07,76.21,2656.0
2024-08-21 15:00:00,2024-08-21,15:00:00,76.21,76.93,76,76.93,2381.0
2024-08-22 06:00:00,2024-08-22,06:00:00,76.74,76.96,76.61,76.71,632.0
2024-08-22 07:00:00,2024-08-22,07:00:00,76.71,76.96,76.32,76.75,1265.0
2024-08-22 08:00:00,2024-08-22,08:00:00,76.73,76.87,76.22,76.31,1355.0
2024-08-22 09:00:00,2024-08-22,09:00:00,76.31,76.72,76.21,76.4,1714.0
2024-08-22 10:00:00,2024-08-22,10:00:00,76.42,76.57,76.27,76.37,773.0
2024-08-22 11:00:00,2024-08-22,11:00:00,76.4,76.4,76.18,76.32,1691.0
2024-08-22 12:00:00,2024-08-22,12:00:00,76.34,76.34,75.67,75.87,3425.0
2024-08-22 13:00:00,2024-08-22,13:00:00,75.87,75.99,75.49,75.58,1785.0
2024-08-22 14:00:00,2024-08-22,14:00:00,75.59,76.19,75.49,75.85,1624.0
2024-08-22 15:00:00,2024-08-22,15:00:00,75.83,76.21,75.77,76.13,1680.0
2024-08-23 06:00:00,2024-08-23,06:00:00,75.83,76.66,75.82,76.64,876.0
2024-08-23 07:00:00,2024-08-23,07:00:00,76.64,76.69,75.87,75.92,997.0
2024-08-23 08:00:00,2024-08-23,08:00:00,75.94,76.07,75.75,75.99,1216.0
2024-08-23 09:00:00,2024-08-23,09:00:00,75.99,76.06,75.33,75.38,2685.0
2024-08-23 10:00:00,2024-08-23,10:00:00,75.37,75.37,75.07,75.33,1262.0
2024-08-23 11:00:00,2024-08-23,11:00:00,75.31,75.54,74.94,75.53,1738.0
2024-08-23 12:00:00,2024-08-23,12:00:00,75.53,75.83,75.3,75.42,1432.0
2024-08-23 13:00:00,2024-08-23,13:00:00,75.39,75.61,75.32,75.4,1076.0
2024-08-23 14:00:00,2024-08-23,14:00:00,75.39,75.54,75.34,75.47,1561.0
2024-08-23 15:00:00,2024-08-23,15:00:00,75.49,75.8,75.39,75.75,1390.0
2024-08-26 06:00:00,2024-08-26,06:00:00,75.42,76.07,75.42,75.51,725.0
2024-08-26 07:00:00,2024-08-26,07:00:00,75.55,75.82,75.12,75.19,883.0
2024-08-26 08:00:00,2024-08-26,08:00:00,75.17,75.17,74.56,74.56,2008.0
2024-08-26 09:00:00,2024-08-26,09:00:00,74.56,74.67,74.43,74.61,1344.0
2024-08-26 10:00:00,2024-08-26,10:00:00,74.62,74.91,74.39,74.82,1272.0
2024-08-26 11:00:00,2024-08-26,11:00:00,74.85,75.16,74.64,75.01,1259.0
2024-08-26 12:00:00,2024-08-26,12:00:00,75.02,75.21,74.45,74.73,1841.0
2024-08-26 13:00:00,2024-08-26,13:00:00,74.71,75.56,74.69,75.5,1987.0
2024-08-26 14:00:00,2024-08-26,14:00:00,75.5,75.77,74.98,75,1327.0
2024-08-26 15:00:00,2024-08-26,15:00:00,75.01,75.01,74.69,74.72,1410.0
2024-08-27 06:00:00,2024-08-27,06:00:00,74.99,75.01,74.56,74.81,722.0
2024-08-27 07:00:00,2024-08-27,07:00:00,74.81,75.4,74.75,74.93,1187.0
2024-08-27 08:00:00,2024-08-27,08:00:00,74.97,75.49,74.97,75.47,2085.0
2024-08-27 09:00:00,2024-08-27,09:00:00,75.48,76.25,75.46,75.86,3164.0
2024-08-27 10:00:00,2024-08-27,10:00:00,75.88,75.95,75.54,75.83,935.0
2024-08-27 11:00:00,2024-08-27,11:00:00,75.83,76.09,75.64,75.81,846.0
2024-08-27 12:00:00,2024-08-27,12:00:00,75.83,75.89,75.52,75.75,1221.0
2024-08-27 13:00:00,2024-08-27,13:00:00,75.72,76.15,75.53,76.09,1073.0
2024-08-27 14:00:00,2024-08-27,14:00:00,76.1,76.19,75.56,75.68,1288.0
2024-08-27 15:00:00,2024-08-27,15:00:00,75.68,76.12,75.59,76.08,1406.0
2024-08-28 06:00:00,2024-08-28,06:00:00,75.83,76.32,75.83,76.06,621.0
2024-08-28 07:00:00,2024-08-28,07:00:00,76.15,76.53,75.89,75.99,1483.0
2024-08-28 08:00:00,2024-08-28,08:00:00,75.97,76.06,75.44,75.58,1579.0
2024-08-28 09:00:00,2024-08-28,09:00:00,75.6,75.97,75.47,75.7,1603.0
2024-08-28 10:00:00,2024-08-28,10:00:00,75.66,75.87,75.48,75.74,950.0
2024-08-28 11:00:00,2024-08-28,11:00:00,75.78,75.79,74.85,75.01,2429.0
2024-08-28 12:00:00,2024-08-28,12:00:00,75.01,75.11,74.67,75,1783.0
2024-08-28 13:00:00,2024-08-28,13:00:00,75,75.92,74.84,75.91,2782.0
2024-08-28 14:00:00,2024-08-28,14:00:00,75.89,75.98,75.25,75.29,1907.0
2024-08-28 15:00:00,2024-08-28,15:00:00,75.28,75.39,74.99,75.07,1720.0
2024-08-29 06:00:00,2024-08-29,06:00:00,74.97,75.55,74.94,75.24,758.0
2024-08-29 07:00:00,2024-08-29,07:00:00,75.24,75.27,74.74,75.12,1139.0
2024-08-29 08:00:00,2024-08-29,08:00:00,75.13,75.15,74.4,74.63,2284.0
2024-08-29 09:00:00,2024-08-29,09:00:00,74.66,74.86,74.44,74.55,1297.0
2024-08-29 10:00:00,2024-08-29,10:00:00,74.55,74.82,74.43,74.79,874.0
2024-08-29 11:00:00,2024-08-29,11:00:00,74.76,75.22,74.72,75.07,1027.0
2024-08-29 12:00:00,2024-08-29,12:00:00,75.11,75.19,74.55,74.87,1557.0
2024-08-29 13:00:00,2024-08-29,13:00:00,74.9,75.32,74.76,74.92,1414.0
2024-08-29 14:00:00,2024-08-29,14:00:00,74.94,75.51,74.75,75.36,1628.0
2024-08-29 15:00:00,2024-08-29,15:00:00,75.32,75.51,75.32,75.37,1257.0
2024-08-30 06:00:00,2024-08-30,06:00:00,75.41,75.7,75.17,75.24,657.0
2024-08-30 07:00:00,2024-08-30,07:00:00,75.24,75.5,75.17,75.47,780.0
2024-08-30 08:00:00,2024-08-30,08:00:00,75.45,75.76,75.21,75.62,1519.0
2024-08-30 09:00:00,2024-08-30,09:00:00,75.6,75.77,75.35,75.39,1579.0
2024-08-30 10:00:00,2024-08-30,10:00:00,75.37,75.6,75.24,75.55,1037.0
2024-08-30 11:00:00,2024-08-30,11:00:00,75.51,75.58,75.29,75.31,955.0
2024-08-30 12:00:00,2024-08-30,12:00:00,75.3,75.39,74.97,75.12,1650.0
2024-08-30 13:00:00,2024-08-30,13:00:00,75.1,75.1,74.58,74.68,2762.0
2024-08-30 14:00:00,2024-08-30,14:00:00,74.7,74.77,74.5,74.51,1747.0
2024-08-30 15:00:00,2024-08-30,15:00:00,74.5,74.85,74.28,74.53,3092.0
2024-09-02 06:00:00,2024-09-02,06:00:00,74.35,75.03,74.35,74.6,903.0
2024-09-02 07:00:00,2024-09-02,07:00:00,74.6,74.71,73.88,74.03,2532.0
2024-09-02 08:00:00,2024-09-02,08:00:00,74.05,74.62,74.04,74.38,2488.0
2024-09-02 09:00:00,2024-09-02,09:00:00,74.37,74.79,74.37,74.48,1440.0
2024-09-02 10:00:00,2024-09-02,10:00:00,74.5,74.62,74.04,74.34,1760.0
2024-09-02 11:00:00,2024-09-02,11:00:00,74.35,74.95,74.27,74.92,1373.0
2024-09-02 12:00:00,2024-09-02,12:00:00,74.94,75.27,74.82,75.23,2816.0
2024-09-02 13:00:00,2024-09-02,13:00:00,75.24,75.31,75.02,75.12,1305.0
2024-09-02 14:00:00,2024-09-02,14:00:00,75.09,75.23,74.66,74.69,1220.0
2024-09-02 15:00:00,2024-09-02,15:00:00,74.7,75,74.62,74.92,1535.0
2024-09-03 06:00:00,2024-09-03,06:00:00,74.73,74.76,74.17,74.26,1763.0
2024-09-03 07:00:00,2024-09-03,07:00:00,74.3,74.47,73.89,73.95,2343.0
2024-09-03 08:00:00,2024-09-03,08:00:00,73.95,74.02,73.64,73.89,3637.0
2024-09-03 09:00:00,2024-09-03,09:00:00,73.88,73.99,73.5,73.59,2887.0
2024-09-03 10:00:00,2024-09-03,10:00:00,73.6,73.62,73.07,73.07,4581.0
2024-09-03 11:00:00,2024-09-03,11:00:00,73.09,73.32,72.96,73.13,1852.0
2024-09-03 12:00:00,2024-09-03,12:00:00,73.13,73.47,73.01,73.16,1278.0
2024-09-03 13:00:00,2024-09-03,13:00:00,73.13,73.22,72.73,72.73,2641.0
2024-09-03 14:00:00,2024-09-03,14:00:00,72.73,72.82,72.47,72.48,2606.0
2024-09-03 15:00:00,2024-09-03,15:00:00,72.47,72.75,72.42,72.51,2682.0
2024-09-04 06:00:00,2024-09-04,06:00:00,72.42,72.56,71.99,72.04,2073.0
2024-09-04 07:00:00,2024-09-04,07:00:00,72.04,72.52,71.97,72.44,1869.0
2024-09-04 08:00:00,2024-09-04,08:00:00,72.47,72.79,72.24,72.43,2813.0
2024-09-04 09:00:00,2024-09-04,09:00:00,72.45,72.52,72.17,72.18,1366.0
2024-09-04 10:00:00,2024-09-04,10:00:00,72.17,72.32,72.07,72.08,1209.0
2024-09-04 11:00:00,2024-09-04,11:00:00,72.08,72.12,71.74,72.04,2278.0
2024-09-04 12:00:00,2024-09-04,12:00:00,72.03,72.05,71.62,71.62,2183.0
2024-09-04 13:00:00,2024-09-04,13:00:00,71.62,72.08,71.59,71.62,2372.0
2024-09-04 14:00:00,2024-09-04,14:00:00,71.61,71.61,71.13,71.23,3724.0
2024-09-04 15:00:00,2024-09-04,15:00:00,71.23,71.43,71.07,71.1,3730.0
2024-09-05 06:00:00,2024-09-05,06:00:00,71.11,71.45,71.03,71.37,1037.0
2024-09-05 07:00:00,2024-09-05,07:00:00,71.35,71.57,70.94,71.12,1890.0
2024-09-05 08:00:00,2024-09-05,08:00:00,71.15,71.34,70.87,71.22,2518.0
2024-09-05 09:00:00,2024-09-05,09:00:00,71.23,71.44,70.78,71.22,2797.0
2024-09-05 10:00:00,2024-09-05,10:00:00,71.2,71.56,71.12,71.34,2055.0
2024-09-05 11:00:00,2024-09-05,11:00:00,71.32,71.75,71.08,71.74,2000.0
2024-09-05 12:00:00,2024-09-05,12:00:00,71.73,72,71.08,71.34,3075.0
2024-09-05 13:00:00,2024-09-05,13:00:00,71.29,71.29,70.43,70.66,3045.0
2024-09-05 14:00:00,2024-09-05,14:00:00,70.64,70.97,70.56,70.66,1998.0
2024-09-05 15:00:00,2024-09-05,15:00:00,70.67,70.76,70.27,70.44,3649.0
2024-09-06 06:00:00,2024-09-06,06:00:00,70.42,71.05,70.36,70.96,1368.0
2024-09-06 07:00:00,2024-09-06,07:00:00,70.93,71.6,70.82,71.43,2861.0
2024-09-06 08:00:00,2024-09-06,08:00:00,71.44,71.8,71.35,71.75,2384.0
2024-09-06 09:00:00,2024-09-06,09:00:00,71.73,72.06,71.65,71.68,2853.0
2024-09-06 10:00:00,2024-09-06,10:00:00,71.71,71.92,71.35,71.39,1259.0
2024-09-06 11:00:00,2024-09-06,11:00:00,71.39,71.59,71.35,71.5,1447.0
2024-09-06 12:00:00,2024-09-06,12:00:00,71.5,71.65,71.35,71.37,2129.0
2024-09-06 13:00:00,2024-09-06,13:00:00,71.36,71.38,70.98,71.31,2691.0
2024-09-06 14:00:00,2024-09-06,14:00:00,71.3,71.41,70.71,70.72,2003.0
2024-09-06 15:00:00,2024-09-06,15:00:00,70.71,70.98,70.62,70.81,2506.0
2024-09-09 06:00:00,2024-09-09,06:00:00,70.82,71.23,70.59,70.62,1222.0
2024-09-09 07:00:00,2024-09-09,07:00:00,70.59,70.72,70.38,70.54,1878.0
2024-09-09 08:00:00,2024-09-09,08:00:00,70.56,70.83,70.44,70.77,2019.0
2024-09-09 09:00:00,2024-09-09,09:00:00,70.76,71.37,70.7,71.19,2792.0
2024-09-09 10:00:00,2024-09-09,10:00:00,71.2,71.29,70.83,71.01,1479.0
2024-09-09 11:00:00,2024-09-09,11:00:00,71,71.77,70.84,71.54,2498.0
2024-09-09 12:00:00,2024-09-09,12:00:00,71.53,71.66,71.06,71.3,2135.0
2024-09-09 13:00:00,2024-09-09,13:00:00,71.29,71.29,70.77,70.84,2276.0
2024-09-09 14:00:00,2024-09-09,14:00:00,70.84,71.16,70.64,70.65,1615.0
2024-09-09 15:00:00,2024-09-09,15:00:00,70.67,70.95,70.58,70.75,2169.0
2024-09-10 06:00:00,2024-09-10,06:00:00,70.59,71.16,70.59,71.06,804.0
2024-09-10 07:00:00,2024-09-10,07:00:00,71.08,71.4,70.87,71.3,2031.0
2024-09-10 08:00:00,2024-09-10,08:00:00,71.32,71.5,70.76,70.83,2097.0
2024-09-10 09:00:00,2024-09-10,09:00:00,70.82,70.82,69.9,69.98,4645.0
2024-09-10 10:00:00,2024-09-10,10:00:00,69.96,70.21,69.93,70.05,2358.0
2024-09-10 11:00:00,2024-09-10,11:00:00,70.08,70.19,69.85,69.85,2151.0
2024-09-10 12:00:00,2024-09-10,12:00:00,69.87,69.87,69.5,69.64,4286.0
2024-09-10 13:00:00,2024-09-10,13:00:00,69.64,69.69,69.18,69.49,4489.0
2024-09-10 14:00:00,2024-09-10,14:00:00,69.49,69.67,69.18,69.36,3459.0
2024-09-10 15:00:00,2024-09-10,15:00:00,69.36,69.67,69.08,69.67,3565.0
2024-09-11 06:00:00,2024-09-11,06:00:00,69.46,69.63,69.03,69.42,1525.0
2024-09-11 07:00:00,2024-09-11,07:00:00,69.42,69.95,69.12,69.67,2166.0
2024-09-11 08:00:00,2024-09-11,08:00:00,69.69,69.91,69.44,69.7,2230.0
2024-09-11 09:00:00,2024-09-11,09:00:00,69.7,70.22,69.66,69.96,2331.0
2024-09-11 10:00:00,2024-09-11,10:00:00,69.98,70.05,69.63,69.79,1202.0
2024-09-11 11:00:00,2024-09-11,11:00:00,69.81,70.27,69.52,69.72,3470.0
2024-09-11 12:00:00,2024-09-11,12:00:00,69.73,70.83,69.36,70.42,4517.0
2024-09-11 13:00:00,2024-09-11,13:00:00,70.4,70.51,69.93,70.1,1826.0
2024-09-11 14:00:00,2024-09-11,14:00:00,70.08,70.67,69.87,70.67,2240.0
2024-09-11 15:00:00,2024-09-11,15:00:00,70.65,70.85,70.48,70.53,2690.0
2024-09-12 06:00:00,2024-09-12,06:00:00,70.4,70.75,70.12,70.28,1390.0
2024-09-12 07:00:00,2024-09-12,07:00:00,70.3,70.59,70.07,70.24,2017.0
2024-09-12 08:00:00,2024-09-12,08:00:00,70.24,70.26,69.79,70.11,2084.0
2024-09-12 09:00:00,2024-09-12,09:00:00,70.07,70.07,69.56,69.62,2195.0
2024-09-12 10:00:00,2024-09-12,10:00:00,69.58,69.92,69.43,69.88,1690.0
2024-09-12 11:00:00,2024-09-12,11:00:00,69.88,70.32,69.77,69.81,1690.0
2024-09-12 12:00:00,2024-09-12,12:00:00,69.8,69.92,69.61,69.74,1465.0
2024-09-12 13:00:00,2024-09-12,13:00:00,69.73,69.95,69.52,69.69,1617.0
2024-09-12 14:00:00,2024-09-12,14:00:00,69.66,69.83,69.52,69.65,1823.0
2024-09-12 15:00:00,2024-09-12,15:00:00,69.64,69.85,69.63,69.72,1712.0
2024-09-13 06:00:00,2024-09-13,06:00:00,69.57,70.12,69.57,69.95,1038.0
2024-09-13 07:00:00,2024-09-13,07:00:00,69.94,70.21,69.82,69.85,1234.0
2024-09-13 08:00:00,2024-09-13,08:00:00,69.91,70.18,69.82,70.17,1444.0
2024-09-13 09:00:00,2024-09-13,09:00:00,70.15,70.26,69.83,69.87,1900.0
2024-09-13 10:00:00,2024-09-13,10:00:00,69.87,69.87,69.56,69.61,1937.0
2024-09-13 11:00:00,2024-09-13,11:00:00,69.64,69.64,69.08,69.09,3070.0
2024-09-13 12:00:00,2024-09-13,12:00:00,69.1,69.22,68.93,69.02,2595.0
2024-09-13 13:00:00,2024-09-13,13:00:00,69.02,69.22,68.92,69.02,2208.0
2024-09-13 14:00:00,2024-09-13,14:00:00,69.03,69.36,69,69.29,2557.0
2024-09-13 15:00:00,2024-09-13,15:00:00,69.32,69.52,69.2,69.35,2580.0
2024-09-16 06:00:00,2024-09-16,06:00:00,69.17,69.29,67.74,67.94,3275.0
2024-09-16 07:00:00,2024-09-16,07:00:00,67.95,68.43,67.78,68.11,2843.0
2024-09-16 08:00:00,2024-09-16,08:00:00,68.12,68.33,68.06,68.11,2080.0
2024-09-16 09:00:00,2024-09-16,09:00:00,68.12,69.02,68.12,68.25,5299.0
2024-09-16 10:00:00,2024-09-16,10:00:00,68.23,68.52,68.04,68.32,1647.0
2024-09-16 11:00:00,2024-09-16,11:00:00,68.34,68.58,68.24,68.34,1333.0
2024-09-16 12:00:00,2024-09-16,12:00:00,68.35,68.39,68.1,68.32,1776.0
2024-09-16 13:00:00,2024-09-16,13:00:00,68.34,68.71,68.09,68.52,2450.0
2024-09-16 14:00:00,2024-09-16,14:00:00,68.53,68.54,67.57,67.63,3206.0
2024-09-16 15:00:00,2024-09-16,15:00:00,67.63,67.8,67.47,67.73,3604.0
2024-09-17 06:00:00,2024-09-17,06:00:00,67.52,67.54,66.77,67.3,2363.0
2024-09-17 07:00:00,2024-09-17,07:00:00,67.28,67.87,67.24,67.78,2383.0
2024-09-17 08:00:00,2024-09-17,08:00:00,67.78,67.86,67.28,67.79,2777.0
2024-09-17 09:00:00,2024-09-17,09:00:00,67.79,68.07,67.54,67.87,2781.0
2024-09-17 10:00:00,2024-09-17,10:00:00,67.87,68.17,67.74,68.04,2045.0
2024-09-17 11:00:00,2024-09-17,11:00:00,68.03,68.67,67.87,68.4,2827.0
2024-09-17 12:00:00,2024-09-17,12:00:00,68.37,68.69,68.22,68.42,1793.0
2024-09-17 13:00:00,2024-09-17,13:00:00,68.42,69.48,68.25,68.96,4573.0
2024-09-17 14:00:00,2024-09-17,14:00:00,68.96,69.12,68.75,68.87,1865.0
2024-09-17 15:00:00,2024-09-17,15:00:00,68.84,69.02,68.47,68.68,2594.0
2024-09-18 06:00:00,2024-09-18,06:00:00,68.81,69.2,68.32,68.66,1296.0
2024-09-18 07:00:00,2024-09-18,07:00:00,68.66,68.79,68.04,68.42,2035.0
2024-09-18 08:00:00,2024-09-18,08:00:00,68.4,68.43,67.92,67.99,1630.0
2024-09-18 09:00:00,2024-09-18,09:00:00,68.02,68.36,67.86,68.18,1350.0
2024-09-18 10:00:00,2024-09-18,10:00:00,68.19,68.67,68.14,68.46,1518.0
2024-09-18 11:00:00,2024-09-18,11:00:00,68.47,68.61,67.64,67.84,1854.0
2024-09-18 12:00:00,2024-09-18,12:00:00,67.85,68.13,67.63,67.98,2220.0
2024-09-18 13:00:00,2024-09-18,13:00:00,67.98,68.08,67.55,67.74,2260.0
2024-09-18 14:00:00,2024-09-18,14:00:00,67.76,68.14,67.53,67.95,2066.0
2024-09-18 15:00:00,2024-09-18,15:00:00,67.98,68.17,67.88,68.12,3091.0
2024-09-19 06:00:00,2024-09-19,06:00:00,68.25,68.57,68.12,68.52,1825.0
2024-09-19 07:00:00,2024-09-19,07:00:00,68.49,68.67,68.22,68.63,2253.0
2024-09-19 08:00:00,2024-09-19,08:00:00,68.63,68.78,68.44,68.48,1878.0
2024-09-19 09:00:00,2024-09-19,09:00:00,68.48,69.2,68.45,68.92,2583.0
2024-09-19 10:00:00,2024-09-19,10:00:00,68.89,69.32,68.89,69.2,1195.0
2024-09-19 11:00:00,2024-09-19,11:00:00,69.17,69.32,68.92,69.05,1076.0
2024-09-19 12:00:00,2024-09-19,12:00:00,69.06,69.74,69.03,69.5,2739.0
2024-09-19 13:00:00,2024-09-19,13:00:00,69.5,69.5,66.71,67.79,15851.0
2024-09-19 14:00:00,2024-09-19,14:00:00,67.79,67.96,66.86,67.07,5431.0
2024-09-19 15:00:00,2024-09-19,15:00:00,67.05,67.66,66.9,67.41,5483.0
2024-09-20 06:00:00,2024-09-20,06:00:00,67.82,68.47,67.53,67.73,2582.0
2024-09-20 07:00:00,2024-09-20,07:00:00,67.74,67.85,67.2,67.26,1869.0
2024-09-20 08:00:00,2024-09-20,08:00:00,67.28,68.42,67.27,68.12,3060.0
2024-09-20 09:00:00,2024-09-20,09:00:00,68.14,68.37,67.96,68.06,1797.0
2024-09-20 10:00:00,2024-09-20,10:00:00,68.02,68.22,67.92,68.22,971.0
2024-09-20 11:00:00,2024-09-20,11:00:00,68.19,68.25,67.92,68.13,1387.0
2024-09-20 12:00:00,2024-09-20,12:00:00,68.14,68.37,67.83,67.98,1488.0
2024-09-20 13:00:00,2024-09-20,13:00:00,68.01,68.28,67.83,68.13,1631.0
2024-09-20 14:00:00,2024-09-20,14:00:00,68.12,68.14,67.54,67.69,2265.0
2024-09-20 15:00:00,2024-09-20,15:00:00,67.68,67.96,67.66,67.88,1763.0
2024-09-23 06:00:00,2024-09-23,06:00:00,68.02,68.35,67.94,67.97,1124.0
2024-09-23 07:00:00,2024-09-23,07:00:00,67.96,68.89,67.67,68.64,2740.0
2024-09-23 08:00:00,2024-09-23,08:00:00,68.67,69.04,68.61,68.9,2406.0
2024-09-23 09:00:00,2024-09-23,09:00:00,68.9,68.9,67.85,67.98,2592.0
2024-09-23 10:00:00,2024-09-23,10:00:00,67.94,68.18,67.84,68.11,1495.0
2024-09-23 11:00:00,2024-09-23,11:00:00,68.11,68.57,67.92,67.99,1458.0
2024-09-23 12:00:00,2024-09-23,12:00:00,68,68.07,67.71,67.78,1952.0
2024-09-23 13:00:00,2024-09-23,13:00:00,67.8,68.42,67.66,68.21,2389.0
2024-09-23 14:00:00,2024-09-23,14:00:00,68.18,68.51,67.92,68.3,2215.0
2024-09-23 15:00:00,2024-09-23,15:00:00,68.28,68.54,68.14,68.48,2028.0
2024-09-24 06:00:00,2024-09-24,06:00:00,68.53,68.89,68.26,68.29,1708.0
2024-09-24 07:00:00,2024-09-24,07:00:00,68.28,69.03,68.23,68.69,2299.0
2024-09-24 08:00:00,2024-09-24,08:00:00,68.69,68.91,68.62,68.85,2733.0
2024-09-24 09:00:00,2024-09-24,09:00:00,68.84,69.25,68.82,69.02,2501.0
2024-09-24 10:00:00,2024-09-24,10:00:00,69.02,69.08,68.42,68.52,2831.0
2024-09-24 11:00:00,2024-09-24,11:00:00,68.5,68.53,68.17,68.35,2341.0
2024-09-24 12:00:00,2024-09-24,12:00:00,68.33,68.75,68.08,68.37,2068.0
2024-09-24 13:00:00,2024-09-24,13:00:00,68.35,68.35,67.85,68.08,2409.0
2024-09-24 14:00:00,2024-09-24,14:00:00,68.07,68.3,67.88,68.27,1128.0
2024-09-24 15:00:00,2024-09-24,15:00:00,68.27,68.55,68.08,68.53,2627.0
2024-09-25 06:00:00,2024-09-25,06:00:00,68.6,68.75,68.29,68.56,650.0
2024-09-25 07:00:00,2024-09-25,07:00:00,68.56,68.72,68.31,68.57,1355.0
2024-09-25 08:00:00,2024-09-25,08:00:00,68.56,68.71,68.51,68.53,1828.0
2024-09-25 09:00:00,2024-09-25,09:00:00,68.53,68.53,67.97,68.24,2777.0
2024-09-25 10:00:00,2024-09-25,10:00:00,68.24,68.79,68.17,68.62,1800.0
2024-09-25 11:00:00,2024-09-25,11:00:00,68.62,68.87,68.56,68.56,1701.0
2024-09-25 12:00:00,2024-09-25,12:00:00,68.56,68.56,68.01,68.32,2617.0
2024-09-25 13:00:00,2024-09-25,13:00:00,68.32,68.87,68.04,68.72,2908.0
2024-09-25 14:00:00,2024-09-25,14:00:00,68.72,69.91,68.71,69.56,6198.0
2024-09-25 15:00:00,2024-09-25,15:00:00,69.57,69.8,69.43,69.72,3316.0
2024-09-26 06:00:00,2024-09-26,06:00:00,69.57,69.69,69.18,69.51,1263.0
2024-09-26 07:00:00,2024-09-26,07:00:00,69.5,69.53,68.84,68.98,1715.0
2024-09-26 08:00:00,2024-09-26,08:00:00,68.96,69.08,68.66,69.01,2206.0
2024-09-26 09:00:00,2024-09-26,09:00:00,69.01,69.35,68.74,69.32,2615.0
2024-09-26 10:00:00,2024-09-26,10:00:00,69.31,69.39,68.89,68.94,1261.0
2024-09-26 11:00:00,2024-09-26,11:00:00,68.89,69.13,68.7,68.77,1631.0
2024-09-26 12:00:00,2024-09-26,12:00:00,68.77,69.69,68.77,69.67,1985.0
2024-09-26 13:00:00,2024-09-26,13:00:00,69.68,70.56,69.57,70.25,4547.0
2024-09-26 14:00:00,2024-09-26,14:00:00,70.25,70.85,70.2,70.56,2801.0
2024-09-26 15:00:00,2024-09-26,15:00:00,70.56,71.07,69.59,70.32,5600.0
2024-09-27 06:00:00,2024-09-27,06:00:00,70.32,70.62,70.16,70.21,914.0
2024-09-27 07:00:00,2024-09-27,07:00:00,70.21,70.32,69.97,70.08,1096.0
2024-09-27 08:00:00,2024-09-27,08:00:00,70.08,70.52,69.99,70.3,2186.0
2024-09-27 09:00:00,2024-09-27,09:00:00,70.32,70.6,69.92,70.06,1725.0
2024-09-27 10:00:00,2024-09-27,10:00:00,70.07,70.31,69.87,69.94,1120.0
2024-09-27 11:00:00,2024-09-27,11:00:00,69.94,70.03,69.6,69.9,1831.0
2024-09-27 12:00:00,2024-09-27,12:00:00,69.9,70.29,69.88,70.28,1449.0
2024-09-27 13:00:00,2024-09-27,13:00:00,70.29,70.55,70.21,70.43,1683.0
2024-09-27 14:00:00,2024-09-27,14:00:00,70.43,70.68,70.31,70.31,1346.0
2024-09-27 15:00:00,2024-09-27,15:00:00,70.31,70.78,70.31,70.78,1993.0
2024-09-30 06:00:00,2024-09-30,06:00:00,70.78,71.29,70.7,71.08,1702.0
2024-09-30 07:00:00,2024-09-30,07:00:00,71.09,71.2,70.72,70.95,2075.0
2024-09-30 08:00:00,2024-09-30,08:00:00,70.96,70.99,70.53,70.6,1919.0
2024-09-30 09:00:00,2024-09-30,09:00:00,70.61,70.71,69.97,70.08,2404.0
2024-09-30 10:00:00,2024-09-30,10:00:00,70.1,70.42,70.01,70.25,1180.0
2024-09-30 11:00:00,2024-09-30,11:00:00,70.26,70.37,69.55,69.66,3168.0
2024-09-30 12:00:00,2024-09-30,12:00:00,69.62,69.93,69.45,69.61,1941.0
2024-09-30 13:00:00,2024-09-30,13:00:00,69.61,70.25,69.61,69.89,1904.0
2024-09-30 14:00:00,2024-09-30,14:00:00,69.89,70.04,69.54,69.7,1415.0
2024-09-30 15:00:00,2024-09-30,15:00:00,69.71,69.97,69.59,69.7,1733.0
2024-10-01 06:00:00,2024-10-01,06:00:00,69.55,69.55,68.84,68.98,2016.0
2024-10-01 07:00:00,2024-10-01,07:00:00,68.98,68.98,68.19,68.44,4537.0
2024-10-01 08:00:00,2024-10-01,08:00:00,68.46,68.73,67.99,68.33,3053.0
2024-10-01 09:00:00,2024-10-01,09:00:00,68.33,68.37,67.66,68,4410.0
2024-10-01 10:00:00,2024-10-01,10:00:00,68,68.2,67.84,67.94,1187.0
2024-10-01 11:00:00,2024-10-01,11:00:00,67.94,68.03,67.68,67.77,1699.0
2024-10-01 12:00:00,2024-10-01,12:00:00,67.75,67.81,67.07,67.19,4759.0
2024-10-01 13:00:00,2024-10-01,13:00:00,67.14,68.36,67.08,68.02,5075.0
2024-10-01 14:00:00,2024-10-01,14:00:00,68.04,68.24,67.64,68.2,3192.0
2024-10-01 15:00:00,2024-10-01,15:00:00,68.17,68.46,67.71,68.07,3752.0
2024-10-02 06:00:00,2024-10-02,06:00:00,68.22,69.36,68.04,68.65,3036.0
2024-10-02 07:00:00,2024-10-02,07:00:00,68.65,68.69,67.85,68,2300.0
2024-10-02 08:00:00,2024-10-02,08:00:00,68,68.17,67.88,67.99,1487.0
2024-10-02 09:00:00,2024-10-02,09:00:00,67.99,68.13,67.48,67.78,2737.0
2024-10-02 10:00:00,2024-10-02,10:00:00,67.76,67.98,67.6,67.86,1147.0
2024-10-02 11:00:00,2024-10-02,11:00:00,67.9,67.91,67.1,67.17,2799.0
2024-10-02 12:00:00,2024-10-02,12:00:00,67.19,67.48,67.01,67.2,2196.0
2024-10-02 13:00:00,2024-10-02,13:00:00,67.22,67.89,67.22,67.69,2687.0
2024-10-02 14:00:00,2024-10-02,14:00:00,67.72,67.76,66.99,67.12,2561.0
2024-10-02 15:00:00,2024-10-02,15:00:00,67.12,67.2,66.86,66.98,3273.0
2024-10-03 06:00:00,2024-10-03,06:00:00,66.88,67,66.53,66.94,2205.0
2024-10-03 07:00:00,2024-10-03,07:00:00,66.96,67.07,66.56,66.75,2045.0
2024-10-03 08:00:00,2024-10-03,08:00:00,66.76,67.24,66.69,67.12,1891.0
2024-10-03 09:00:00,2024-10-03,09:00:00,67.12,67.12,66.58,66.75,2232.0
2024-10-03 10:00:00,2024-10-03,10:00:00,66.74,67.19,66.72,67.15,947.0
2024-10-03 11:00:00,2024-10-03,11:00:00,67.13,67.28,66.37,66.75,2452.0
2024-10-03 12:00:00,2024-10-03,12:00:00,66.77,67.19,66.71,66.97,1393.0
2024-10-03 13:00:00,2024-10-03,13:00:00,66.98,66.98,66.53,66.57,1259.0
2024-10-03 14:00:00,2024-10-03,14:00:00,66.6,67.11,66.41,66.85,2707.0
2024-10-03 15:00:00,2024-10-03,15:00:00,66.85,67.19,66.33,66.5,2548.0
2024-10-04 06:00:00,2024-10-04,06:00:00,66.36,66.82,66.07,66.16,1639.0
2024-10-04 07:00:00,2024-10-04,07:00:00,66.17,66.4,66,66.13,1903.0
2024-10-04 08:00:00,2024-10-04,08:00:00,66.15,66.18,65.94,65.98,1801.0
2024-10-04 09:00:00,2024-10-04,09:00:00,66,66.22,65.73,66.12,2303.0
2024-10-04 10:00:00,2024-10-04,10:00:00,66.12,66.39,66.01,66.27,1345.0
2024-10-04 11:00:00,2024-10-04,11:00:00,66.27,66.5,65.94,66.37,1966.0
2024-10-04 12:00:00,2024-10-04,12:00:00,66.33,66.37,66.04,66.26,1673.0
2024-10-04 13:00:00,2024-10-04,13:00:00,66.27,66.89,66.18,66.64,2715.0
2024-10-04 14:00:00,2024-10-04,14:00:00,66.67,66.85,66.27,66.46,1678.0
2024-10-04 15:00:00,2024-10-04,15:00:00,66.44,66.47,65.74,65.78,3735.0
2024-10-07 06:00:00,2024-10-07,06:00:00,65.84,65.84,64.67,65.23,2411.0
2024-10-07 07:00:00,2024-10-07,07:00:00,65.25,65.47,65.05,65.27,1867.0
2024-10-07 08:00:00,2024-10-07,08:00:00,65.25,65.54,64.97,65.09,2508.0
2024-10-07 09:00:00,2024-10-07,09:00:00,65.09,65.24,64.9,65.06,2323.0
2024-10-07 10:00:00,2024-10-07,10:00:00,65.05,65.13,64.93,65,1255.0
2024-10-07 11:00:00,2024-10-07,11:00:00,65.01,65.02,64.38,64.45,3940.0
2024-10-07 12:00:00,2024-10-07,12:00:00,64.47,65.17,64.41,64.96,3380.0
2024-10-07 13:00:00,2024-10-07,13:00:00,64.96,65.9,64.82,65.52,3336.0
2024-10-07 14:00:00,2024-10-07,14:00:00,65.52,65.67,65.39,65.56,1366.0
2024-10-07 15:00:00,2024-10-07,15:00:00,65.55,66.82,65.45,66.72,3894.0
2024-10-08 06:00:00,2024-10-08,06:00:00,66.24,66.24,65.47,65.62,1500.0
2024-10-08 07:00:00,2024-10-08,07:00:00,65.6,65.74,64.82,64.91,2539.0
2024-10-08 08:00:00,2024-10-08,08:00:00,64.9,64.97,64.63,64.66,2697.0
2024-10-08 09:00:00,2024-10-08,09:00:00,64.68,65.09,64.64,64.87,2498.0
2024-10-08 10:00:00,2024-10-08,10:00:00,64.85,64.86,64.63,64.71,1672.0
2024-10-08 11:00:00,2024-10-08,11:00:00,64.72,65.55,64.67,65.06,2261.0
2024-10-08 12:00:00,2024-10-08,12:00:00,65.07,65.58,64.95,65.39,2014.0
2024-10-08 13:00:00,2024-10-08,13:00:00,65.44,65.47,64.58,64.6,3093.0
2024-10-08 14:00:00,2024-10-08,14:00:00,64.59,64.74,64.39,64.74,3021.0
2024-10-08 15:00:00,2024-10-08,15:00:00,64.75,64.77,64.43,64.5,2181.0
2024-10-09 06:00:00,2024-10-09,06:00:00,64.51,65.18,64.27,64.9,2015.0
2024-10-09 07:00:00,2024-10-09,07:00:00,64.88,66.27,64.62,65.99,4416.0
2024-10-09 08:00:00,2024-10-09,08:00:00,66.01,66.52,65.84,66.2,2804.0
2024-10-09 09:00:00,2024-10-09,09:00:00,66.2,66.35,65.92,66.23,2044.0
2024-10-09 10:00:00,2024-10-09,10:00:00,66.22,66.69,66.11,66.22,1779.0
2024-10-09 11:00:00,2024-10-09,11:00:00,66.17,66.45,66.02,66.09,1049.0
2024-10-09 12:00:00,2024-10-09,12:00:00,66.09,66.51,65.92,66.42,1381.0
2024-10-09 13:00:00,2024-10-09,13:00:00,66.39,66.56,65.62,65.73,3050.0
2024-10-09 14:00:00,2024-10-09,14:00:00,65.72,66.57,65.72,66.44,1867.0
2024-10-09 15:00:00,2024-10-09,15:00:00,66.45,67.03,66.21,66.95,3091.0
2024-10-10 06:00:00,2024-10-10,06:00:00,66.84,67.07,66.36,66.65,1345.0
2024-10-10 07:00:00,2024-10-10,07:00:00,66.67,67.92,66.67,67.69,3651.0
2024-10-10 08:00:00,2024-10-10,08:00:00,67.66,68.4,67.64,67.97,3066.0
2024-10-10 09:00:00,2024-10-10,09:00:00,67.97,68.38,67.9,68.22,2050.0
2024-10-10 10:00:00,2024-10-10,10:00:00,68.2,68.73,68.06,68.12,2655.0
2024-10-10 11:00:00,2024-10-10,11:00:00,68.14,68.81,68.09,68.33,1470.0
2024-10-10 12:00:00,2024-10-10,12:00:00,68.32,69.2,68.21,69.16,2706.0
2024-10-10 13:00:00,2024-10-10,13:00:00,69.16,69.38,68.94,69.15,2728.0
2024-10-10 14:00:00,2024-10-10,14:00:00,69.17,69.53,68.99,69.1,2362.0
2024-10-10 15:00:00,2024-10-10,15:00:00,69.11,69.47,69.09,69.24,2459.0
2024-10-11 06:00:00,2024-10-11,06:00:00,69.22,69.41,68.77,69.22,1152.0
2024-10-11 07:00:00,2024-10-11,07:00:00,69.23,69.26,68.5,68.62,1936.0
2024-10-11 08:00:00,2024-10-11,08:00:00,68.66,68.82,68.33,68.6,2187.0
2024-10-11 09:00:00,2024-10-11,09:00:00,68.6,68.7,68.07,68.36,2072.0
2024-10-11 10:00:00,2024-10-11,10:00:00,68.39,69.1,68.36,68.99,1274.0
2024-10-11 11:00:00,2024-10-11,11:00:00,68.99,69.23,68.52,68.61,1796.0
2024-10-11 12:00:00,2024-10-11,12:00:00,68.61,69.21,68.53,69.1,1546.0
2024-10-11 13:00:00,2024-10-11,13:00:00,69.11,69.19,68.92,68.96,1313.0
2024-10-11 14:00:00,2024-10-11,14:00:00,68.93,69.23,68.84,68.85,1415.0
2024-10-11 15:00:00,2024-10-11,15:00:00,68.85,69.2,68.62,69.2,2255.0
2024-10-14 06:00:00,2024-10-14,06:00:00,69.07,69.07,68.17,68.84,1391.0
2024-10-14 07:00:00,2024-10-14,07:00:00,68.83,70.2,68.63,69.77,2853.0
2024-10-14 08:00:00,2024-10-14,08:00:00,69.77,69.97,69.58,69.63,1841.0
2024-10-14 09:00:00,2024-10-14,09:00:00,69.64,69.86,69.52,69.82,1229.0
2024-10-14 10:00:00,2024-10-14,10:00:00,69.82,70.2,69.82,70.11,1246.0
2024-10-14 11:00:00,2024-10-14,11:00:00,70.11,70.32,69.77,69.95,1477.0
2024-10-14 12:00:00,2024-10-14,12:00:00,69.97,70.46,69.97,70.34,2377.0
2024-10-14 13:00:00,2024-10-14,13:00:00,70.34,70.42,70.24,70.37,1572.0
2024-10-14 14:00:00,2024-10-14,14:00:00,70.35,70.5,70.07,70.23,1897.0
2024-10-14 15:00:00,2024-10-14,15:00:00,70.25,70.38,70.07,70.27,1656.0
2024-10-15 06:00:00,2024-10-15,06:00:00,69.73,69.82,68.87,69.52,2432.0
2024-10-15 07:00:00,2024-10-15,07:00:00,69.5,69.77,68.95,69.02,1642.0
2024-10-15 08:00:00,2024-10-15,08:00:00,69.01,69.32,68.98,69.02,1624.0
2024-10-15 09:00:00,2024-10-15,09:00:00,69.02,69.09,68.49,68.68,3275.0
2024-10-15 10:00:00,2024-10-15,10:00:00,68.69,69.09,68.59,68.88,1071.0
2024-10-15 11:00:00,2024-10-15,11:00:00,68.9,69.22,68.64,69.17,1383.0
2024-10-15 12:00:00,2024-10-15,12:00:00,69.16,69.72,69.05,69.52,1895.0
2024-10-15 13:00:00,2024-10-15,13:00:00,69.52,69.77,69.35,69.53,1423.0
2024-10-15 14:00:00,2024-10-15,14:00:00,69.54,69.91,69.19,69.27,1526.0
2024-10-15 15:00:00,2024-10-15,15:00:00,69.27,69.62,69.12,69.6,1564.0
2024-10-16 06:00:00,2024-10-16,06:00:00,69.16,69.95,69.16,69.56,875.0
2024-10-16 07:00:00,2024-10-16,07:00:00,69.52,69.91,69.17,69.21,1347.0
2024-10-16 08:00:00,2024-10-16,08:00:00,69.18,69.37,68.47,68.63,2738.0
2024-10-16 09:00:00,2024-10-16,09:00:00,68.64,68.85,68.25,68.32,1793.0
2024-10-16 10:00:00,2024-10-16,10:00:00,68.32,68.54,68.18,68.23,1171.0
2024-10-16 11:00:00,2024-10-16,11:00:00,68.23,68.4,67.46,67.65,3629.0
2024-10-16 12:00:00,2024-10-16,12:00:00,67.64,67.82,67.25,67.66,2452.0
2024-10-16 13:00:00,2024-10-16,13:00:00,67.65,67.89,67.12,67.27,2619.0
2024-10-16 14:00:00,2024-10-16,14:00:00,67.29,67.69,67.28,67.64,2087.0
2024-10-16 15:00:00,2024-10-16,15:00:00,67.64,67.65,67.17,67.49,2561.0
2024-10-17 06:00:00,2024-10-17,06:00:00,67.35,67.88,67.14,67.72,1503.0
2024-10-17 07:00:00,2024-10-17,07:00:00,67.67,67.95,67.38,67.44,1707.0
2024-10-17 08:00:00,2024-10-17,08:00:00,67.41,67.92,67.39,67.77,1694.0
2024-10-17 09:00:00,2024-10-17,09:00:00,67.76,67.96,67.6,67.76,1261.0
2024-10-17 10:00:00,2024-10-17,10:00:00,67.76,67.77,67.2,67.37,1054.0
2024-10-17 11:00:00,2024-10-17,11:00:00,67.34,67.7,67.24,67.35,1053.0
2024-10-17 12:00:00,2024-10-17,12:00:00,67.33,67.6,67.29,67.32,1054.0
2024-10-17 13:00:00,2024-10-17,13:00:00,67.28,67.6,66.95,67.47,1808.0
2024-10-17 14:00:00,2024-10-17,14:00:00,67.52,67.58,67.31,67.49,1040.0
2024-10-17 15:00:00,2024-10-17,15:00:00,67.46,67.48,67.14,67.38,2125.0
2024-10-18 06:00:00,2024-10-18,06:00:00,67.32,67.7,67.27,67.68,667.0
2024-10-18 07:00:00,2024-10-18,07:00:00,67.65,67.79,67.05,67.09,2690.0
2024-10-18 08:00:00,2024-10-18,08:00:00,67.12,67.21,66.57,66.69,2283.0
2024-10-18 09:00:00,2024-10-18,09:00:00,66.73,66.98,66.57,66.78,1133.0
2024-10-18 10:00:00,2024-10-18,10:00:00,66.77,66.98,66.66,66.82,666.0
2024-10-18 11:00:00,2024-10-18,11:00:00,66.81,66.92,66.61,66.64,771.0
2024-10-18 12:00:00,2024-10-18,12:00:00,66.66,66.93,66.6,66.88,1232.0
2024-10-18 13:00:00,2024-10-18,13:00:00,66.9,67.25,66.65,66.67,1814.0
2024-10-18 14:00:00,2024-10-18,14:00:00,66.66,66.91,66.55,66.59,1382.0
2024-10-18 15:00:00,2024-10-18,15:00:00,66.6,66.94,66.54,66.94,1853.0
2024-10-21 06:00:00,2024-10-21,06:00:00,66.77,67.27,66.76,67.13,782.0
2024-10-21 07:00:00,2024-10-21,07:00:00,67.13,67.22,66.72,67.03,1798.0
2024-10-21 08:00:00,2024-10-21,08:00:00,67.03,67.27,66.87,66.99,1956.0
2024-10-21 09:00:00,2024-10-21,09:00:00,67.01,67.21,66.78,66.78,1599.0
2024-10-21 10:00:00,2024-10-21,10:00:00,66.81,66.86,66.52,66.57,1794.0
2024-10-21 11:00:00,2024-10-21,11:00:00,66.57,66.68,66.34,66.57,1971.0
2024-10-21 12:00:00,2024-10-21,12:00:00,66.57,66.63,65.89,65.98,3013.0
2024-10-21 13:00:00,2024-10-21,13:00:00,66,66.15,65.68,65.92,2556.0
2024-10-21 14:00:00,2024-10-21,14:00:00,65.92,66.07,65.82,66.05,1305.0
2024-10-21 15:00:00,2024-10-21,15:00:00,66.06,66.24,65.97,66.22,1591.0
2024-10-22 06:00:00,2024-10-22,06:00:00,66.22,66.41,65.82,65.94,947.0
2024-10-22 07:00:00,2024-10-22,07:00:00,65.92,66.05,65.61,65.96,1539.0
2024-10-22 08:00:00,2024-10-22,08:00:00,65.98,66.52,65.82,65.86,2526.0
2024-10-22 09:00:00,2024-10-22,09:00:00,65.86,66.2,65.8,66.05,1689.0
2024-10-22 10:00:00,2024-10-22,10:00:00,66.02,66.88,66.02,66.75,2417.0
2024-10-22 11:00:00,2024-10-22,11:00:00,66.72,66.81,66.52,66.6,1241.0
2024-10-22 12:00:00,2024-10-22,12:00:00,66.6,66.82,66.27,66.39,1853.0
2024-10-22 13:00:00,2024-10-22,13:00:00,66.37,66.67,66.15,66.43,1744.0
2024-10-22 14:00:00,2024-10-22,14:00:00,66.46,66.85,66.35,66.78,1177.0
2024-10-22 15:00:00,2024-10-22,15:00:00,66.77,66.81,66.42,66.63,2133.0
2024-10-23 06:00:00,2024-10-23,06:00:00,66.67,66.67,66.14,66.14,931.0
2024-10-23 07:00:00,2024-10-23,07:00:00,66.12,66.76,66.03,66.69,1287.0
2024-10-23 08:00:00,2024-10-23,08:00:00,66.7,68.6,66.69,68.24,6346.0
2024-10-23 09:00:00,2024-10-23,09:00:00,68.31,69.22,68.2,69.01,4252.0
2024-10-23 10:00:00,2024-10-23,10:00:00,69.02,69.06,68.67,68.77,2199.0
2024-10-23 11:00:00,2024-10-23,11:00:00,68.77,68.93,68.61,68.8,1041.0
2024-10-23 12:00:00,2024-10-23,12:00:00,68.81,68.88,68.49,68.81,1441.0
2024-10-23 13:00:00,2024-10-23,13:00:00,68.78,69.52,68.67,69.52,2519.0
2024-10-23 14:00:00,2024-10-23,14:00:00,69.51,69.68,69,69.32,2348.0
2024-10-23 15:00:00,2024-10-23,15:00:00,69.28,69.47,69.19,69.47,2361.0
2024-10-24 06:00:00,2024-10-24,06:00:00,69.27,69.93,69.27,69.58,1933.0
2024-10-24 07:00:00,2024-10-24,07:00:00,69.58,69.75,69.07,69.42,2591.0
2024-10-24 08:00:00,2024-10-24,08:00:00,69.42,69.67,69.09,69.28,3188.0
2024-10-24 09:00:00,2024-10-24,09:00:00,69.29,70.82,69.29,70.49,4992.0
2024-10-24 10:00:00,2024-10-24,10:00:00,70.48,70.69,69.75,70.19,3448.0
2024-10-24 11:00:00,2024-10-24,11:00:00,70.17,70.43,69.88,70.3,2035.0
2024-10-24 12:00:00,2024-10-24,12:00:00,70.31,71.21,70.2,71.06,4135.0
2024-10-24 13:00:00,2024-10-24,13:00:00,71.07,71.89,71.02,71.28,6263.0
2024-10-24 14:00:00,2024-10-24,14:00:00,71.28,71.37,70.92,71.03,3092.0
2024-10-24 15:00:00,2024-10-24,15:00:00,71.03,71.12,70.83,70.95,2568.0
2024-10-25 06:00:00,2024-10-25,06:00:00,70.93,71.68,70.86,71.26,1413.0
2024-10-25 07:00:00,2024-10-25,07:00:00,71.25,71.42,70.82,70.97,1698.0
2024-10-25 08:00:00,2024-10-25,08:00:00,70.97,71.4,70.94,71.12,2302.0
2024-10-25 09:00:00,2024-10-25,09:00:00,71.14,71.38,71,71.15,1932.0
2024-10-25 10:00:00,2024-10-25,10:00:00,71.15,71.17,70.57,70.57,1765.0
2024-10-25 11:00:00,2024-10-25,11:00:00,70.57,70.79,70.4,70.72,2053.0
2024-10-25 12:00:00,2024-10-25,12:00:00,70.75,71.5,70.69,71.07,2945.0
2024-10-25 13:00:00,2024-10-25,13:00:00,71.07,71.39,70.91,71.2,2392.0
2024-10-25 14:00:00,2024-10-25,14:00:00,71.18,71.45,71.12,71.17,2384.0
2024-10-25 15:00:00,2024-10-25,15:00:00,71.16,71.37,71.05,71.08,2053.0
2024-10-28 07:00:00,2024-10-28,07:00:00,70.57,70.57,69.29,69.72,2414.0
2024-10-28 08:00:00,2024-10-28,08:00:00,69.72,70.22,69.48,69.92,1842.0
2024-10-28 09:00:00,2024-10-28,09:00:00,69.9,69.92,69.25,69.28,2355.0
2024-10-28 10:00:00,2024-10-28,10:00:00,69.27,69.6,68.93,69.48,2422.0
2024-10-28 11:00:00,2024-10-28,11:00:00,69.49,69.67,69.12,69.19,1322.0
2024-10-28 12:00:00,2024-10-28,12:00:00,69.18,69.47,68.96,69.36,1473.0
2024-10-28 13:00:00,2024-10-28,13:00:00,69.36,70.51,69.33,70.33,3125.0
2024-10-28 14:00:00,2024-10-28,14:00:00,70.33,70.55,70.08,70.26,2480.0
2024-10-28 15:00:00,2024-10-28,15:00:00,70.24,70.93,70.24,70.7,2295.0
2024-10-28 16:00:00,2024-10-28,16:00:00,70.66,70.89,70.53,70.82,1276.0
2024-10-29 07:00:00,2024-10-29,07:00:00,71.14,71.42,70.7,71.22,2253.0
2024-10-29 08:00:00,2024-10-29,08:00:00,71.22,71.32,70.5,70.54,2340.0
2024-10-29 09:00:00,2024-10-29,09:00:00,70.55,71.05,70.46,71,1645.0
2024-10-29 10:00:00,2024-10-29,10:00:00,71.05,71.69,71.01,71.56,3170.0
2024-10-29 11:00:00,2024-10-29,11:00:00,71.56,71.82,71.31,71.57,2703.0
2024-10-29 12:00:00,2024-10-29,12:00:00,71.57,71.62,71.12,71.29,2094.0
2024-10-29 13:00:00,2024-10-29,13:00:00,71.28,71.93,71.28,71.75,2668.0
2024-10-29 14:00:00,2024-10-29,14:00:00,71.77,72.07,71.52,71.88,2746.0
2024-10-29 15:00:00,2024-10-29,15:00:00,71.88,72,71.44,71.67,2458.0
2024-10-29 16:00:00,2024-10-29,16:00:00,71.65,71.76,71.07,71.17,2358.0
2024-10-30 07:00:00,2024-10-30,07:00:00,71.17,71.33,70.69,70.92,1493.0
2024-10-30 08:00:00,2024-10-30,08:00:00,70.93,71.51,70.52,70.69,1922.0
2024-10-30 09:00:00,2024-10-30,09:00:00,70.7,70.88,70.2,70.35,2290.0
2024-10-30 10:00:00,2024-10-30,10:00:00,70.39,70.73,70.25,70.62,1294.0
2024-10-30 11:00:00,2024-10-30,11:00:00,70.59,70.64,70.28,70.35,1087.0
2024-10-30 12:00:00,2024-10-30,12:00:00,70.34,70.7,70.28,70.63,1297.0
2024-10-30 13:00:00,2024-10-30,13:00:00,70.65,70.7,70.17,70.22,1211.0
2024-10-30 14:00:00,2024-10-30,14:00:00,70.22,70.48,69.57,69.67,2197.0
2024-10-30 15:00:00,2024-10-30,15:00:00,69.69,69.76,69.26,69.6,4479.0
2024-10-30 16:00:00,2024-10-30,16:00:00,69.61,70.25,69.61,70.09,2343.0
2024-10-31 07:00:00,2024-10-31,07:00:00,69.8,70.27,69.63,69.77,921.0
2024-10-31 08:00:00,2024-10-31,08:00:00,69.8,70.04,69.43,69.54,1766.0
2024-10-31 09:00:00,2024-10-31,09:00:00,69.58,69.92,69.29,69.37,1949.0
2024-10-31 10:00:00,2024-10-31,10:00:00,69.36,69.59,68.72,69.07,4045.0
2024-10-31 11:00:00,2024-10-31,11:00:00,69.08,69.19,68.92,69.1,1109.0
2024-10-31 12:00:00,2024-10-31,12:00:00,69.11,69.22,68.86,69.18,1446.0
2024-10-31 13:00:00,2024-10-31,13:00:00,69.22,69.56,69.09,69.1,1833.0
2024-10-31 14:00:00,2024-10-31,14:00:00,69.09,69.25,68.37,68.55,2499.0
2024-10-31 15:00:00,2024-10-31,15:00:00,68.56,69.03,68.27,68.86,2094.0
2024-10-31 16:00:00,2024-10-31,16:00:00,68.85,68.98,67.86,68.02,4441.0
2024-11-01 07:00:00,2024-11-01,07:00:00,68.1,68.62,67.8,68.49,2180.0
2024-11-01 08:00:00,2024-11-01,08:00:00,68.47,68.93,68.28,68.53,2720.0
2024-11-01 09:00:00,2024-11-01,09:00:00,68.55,69.28,68.4,69.2,2435.0
2024-11-01 10:00:00,2024-11-01,10:00:00,69.2,69.22,68.42,68.77,1492.0
2024-11-01 11:00:00,2024-11-01,11:00:00,68.72,68.83,68.5,68.68,637.0
2024-11-01 12:00:00,2024-11-01,12:00:00,68.69,68.72,68.12,68.23,1848.0
2024-11-01 13:00:00,2024-11-01,13:00:00,68.23,68.25,67.54,68.01,2505.0
2024-11-01 14:00:00,2024-11-01,14:00:00,68.03,68.27,67.8,68.18,1344.0
2024-11-01 15:00:00,2024-11-01,15:00:00,68.19,68.37,67.92,68.28,1097.0
2024-11-01 16:00:00,2024-11-01,16:00:00,68.27,68.37,68.05,68.32,1464.0
2024-11-04 07:00:00,2024-11-04,07:00:00,68.41,69.42,68.32,69.23,1772.0
2024-11-04 08:00:00,2024-11-04,08:00:00,69.27,69.4,68.66,69.12,1512.0
2024-11-04 09:00:00,2024-11-04,09:00:00,69.14,69.24,68.89,69.24,1327.0
2024-11-04 10:00:00,2024-11-04,10:00:00,69.2,70.21,69.2,70.1,3563.0
2024-11-04 11:00:00,2024-11-04,11:00:00,70.08,70.17,69.62,70.04,1587.0
2024-11-04 12:00:00,2024-11-04,12:00:00,69.99,70,69.38,69.53,1522.0
2024-11-04 13:00:00,2024-11-04,13:00:00,69.55,69.75,69.47,69.59,1646.0
2024-11-04 14:00:00,2024-11-04,14:00:00,69.62,69.81,69.34,69.37,1796.0
2024-11-04 15:00:00,2024-11-04,15:00:00,69.37,69.86,69.27,69.73,1805.0
2024-11-04 16:00:00,2024-11-04,16:00:00,69.7,69.86,69.42,69.74,1885.0
2024-11-05 07:00:00,2024-11-05,07:00:00,69.78,70.01,69.27,69.72,1240.0
2024-11-05 08:00:00,2024-11-05,08:00:00,69.73,69.8,69.15,69.45,1621.0
2024-11-05 09:00:00,2024-11-05,09:00:00,69.48,69.84,69.45,69.72,2017.0
2024-11-05 10:00:00,2024-11-05,10:00:00,69.71,69.76,69.24,69.61,1961.0
2024-11-05 11:00:00,2024-11-05,11:00:00,69.55,69.65,69.26,69.36,1023.0
2024-11-05 12:00:00,2024-11-05,12:00:00,69.36,69.42,68.93,69.14,1603.0
2024-11-05 13:00:00,2024-11-05,13:00:00,69.12,69.33,68.87,69.01,1860.0
2024-11-05 14:00:00,2024-11-05,14:00:00,69.02,69.12,68.78,68.88,2419.0
2024-11-05 15:00:00,2024-11-05,15:00:00,68.87,68.97,68.42,68.56,2398.0
2024-11-05 16:00:00,2024-11-05,16:00:00,68.61,68.75,68.46,68.46,1814.0
2024-11-06 07:00:00,2024-11-06,07:00:00,68.32,68.51,67.78,68.14,2120.0
2024-11-06 08:00:00,2024-11-06,08:00:00,68.12,68.12,67.08,67.64,4354.0
2024-11-06 09:00:00,2024-11-06,09:00:00,67.62,67.92,67.42,67.84,2008.0
2024-11-06 10:00:00,2024-11-06,10:00:00,67.8,67.81,67.37,67.5,1659.0
2024-11-06 11:00:00,2024-11-06,11:00:00,67.5,67.57,66.7,67.02,3043.0
2024-11-06 12:00:00,2024-11-06,12:00:00,66.98,67.07,66.69,67.05,1387.0
2024-11-06 13:00:00,2024-11-06,13:00:00,67.02,67.49,66.87,67.48,2091.0
2024-11-06 14:00:00,2024-11-06,14:00:00,67.45,67.64,67.22,67.42,1963.0
2024-11-06 15:00:00,2024-11-06,15:00:00,67.42,68.08,67.37,68.03,2209.0
2024-11-06 16:00:00,2024-11-06,16:00:00,68.02,68.51,67.83,68.41,2345.0
2024-11-07 07:00:00,2024-11-07,07:00:00,68.1,69.04,67.97,68.83,1532.0
2024-11-07 08:00:00,2024-11-07,08:00:00,68.8,69.12,68.72,68.97,2479.0
2024-11-07 09:00:00,2024-11-07,09:00:00,68.97,70.15,68.95,70.09,4852.0
2024-11-07 10:00:00,2024-11-07,10:00:00,70.08,70.11,69.64,69.96,2091.0
2024-11-07 11:00:00,2024-11-07,11:00:00,69.97,70.27,69.37,69.69,2641.0
2024-11-07 12:00:00,2024-11-07,12:00:00,69.71,69.75,69.36,69.62,1506.0
2024-11-07 13:00:00,2024-11-07,13:00:00,69.62,69.97,69.46,69.46,2483.0
2024-11-07 14:00:00,2024-11-07,14:00:00,69.47,69.69,69.28,69.29,1420.0
2024-11-07 15:00:00,2024-11-07,15:00:00,69.28,70.26,69.23,70.22,2185.0
2024-11-07 16:00:00,2024-11-07,16:00:00,70.22,70.61,70.11,70.57,4427.0
2024-11-08 07:00:00,2024-11-08,07:00:00,70.57,71.07,70.56,71,2565.0
2024-11-08 08:00:00,2024-11-08,08:00:00,70.98,71.02,70.28,70.44,2628.0
2024-11-08 09:00:00,2024-11-08,09:00:00,70.45,71.21,70.45,70.9,2160.0
2024-11-08 10:00:00,2024-11-08,10:00:00,70.87,71.17,70.52,71.1,1574.0
2024-11-08 11:00:00,2024-11-08,11:00:00,71.09,71.52,71,71.25,2386.0
2024-11-08 12:00:00,2024-11-08,12:00:00,71.28,72.06,71.28,71.98,3511.0
2024-11-08 13:00:00,2024-11-08,13:00:00,71.98,72.51,71.72,72.05,4794.0
2024-11-08 14:00:00,2024-11-08,14:00:00,72.05,72.42,71.92,72.02,2257.0
2024-11-08 15:00:00,2024-11-08,15:00:00,72.02,72.6,71.77,72.49,2552.0
2024-11-08 16:00:00,2024-11-08,16:00:00,72.48,72.6,71.98,72.01,2781.0
2024-11-11 07:00:00,2024-11-11,07:00:00,71.59,72.17,71.24,72.01,2175.0
2024-11-11 08:00:00,2024-11-11,08:00:00,72.02,73.12,71.97,72.19,5101.0
2024-11-11 09:00:00,2024-11-11,09:00:00,72.2,72.62,72.12,72.57,2349.0
2024-11-11 10:00:00,2024-11-11,10:00:00,72.58,72.58,71.95,72.13,2599.0
2024-11-11 11:00:00,2024-11-11,11:00:00,72.14,72.42,72.03,72.13,1246.0
2024-11-11 12:00:00,2024-11-11,12:00:00,72.15,72.17,71.88,72.09,1360.0
2024-11-11 13:00:00,2024-11-11,13:00:00,72.09,72.47,72.09,72.29,1678.0
2024-11-11 14:00:00,2024-11-11,14:00:00,72.28,72.45,71.91,72.17,2122.0
2024-11-11 15:00:00,2024-11-11,15:00:00,72.15,72.21,71.65,71.76,2075.0
2024-11-11 16:00:00,2024-11-11,16:00:00,71.77,72.22,71.62,71.92,2503.0
2024-11-12 07:00:00,2024-11-12,07:00:00,71.82,71.82,70.73,70.9,2173.0
2024-11-12 08:00:00,2024-11-12,08:00:00,70.87,71.06,70.39,70.43,2811.0
2024-11-12 09:00:00,2024-11-12,09:00:00,70.43,70.82,70.08,70.45,3244.0
2024-11-12 10:00:00,2024-11-12,10:00:00,70.43,71.17,70.41,71.07,2498.0
2024-11-12 11:00:00,2024-11-12,11:00:00,71.08,71.52,71.08,71.48,1670.0
2024-11-12 12:00:00,2024-11-12,12:00:00,71.48,71.52,71.24,71.47,1409.0
2024-11-12 13:00:00,2024-11-12,13:00:00,71.45,71.87,71.26,71.68,2606.0
2024-11-12 14:00:00,2024-11-12,14:00:00,71.64,71.79,71.36,71.4,1410.0
2024-11-12 15:00:00,2024-11-12,15:00:00,71.41,72.09,71.24,72.01,2668.0
2024-11-12 16:00:00,2024-11-12,16:00:00,71.97,72.07,71.42,71.46,2253.0
2024-11-13 07:00:00,2024-11-13,07:00:00,71.44,71.56,70.5,70.72,2091.0
2024-11-13 08:00:00,2024-11-13,08:00:00,70.72,70.83,70.23,70.57,2165.0
2024-11-13 09:00:00,2024-11-13,09:00:00,70.58,71.07,70.43,70.49,2157.0
2024-11-13 10:00:00,2024-11-13,10:00:00,70.49,71.38,70.11,71,3235.0
2024-11-13 11:00:00,2024-11-13,11:00:00,70.96,71.14,70.57,70.6,1070.0
2024-11-13 12:00:00,2024-11-13,12:00:00,70.62,70.68,69.71,69.95,3105.0
2024-11-13 13:00:00,2024-11-13,13:00:00,69.92,70.17,69.82,69.91,2181.0
2024-11-13 14:00:00,2024-11-13,14:00:00,69.91,70.46,69.91,70.38,1988.0
2024-11-13 15:00:00,2024-11-13,15:00:00,70.4,70.7,70.22,70.48,1946.0
2024-11-13 16:00:00,2024-11-13,16:00:00,70.45,70.75,70.41,70.69,1587.0
2024-11-14 07:00:00,2024-11-14,07:00:00,71.04,71.92,70.93,71.39,2866.0
2024-11-14 08:00:00,2024-11-14,08:00:00,71.37,72.03,71.19,71.76,2876.0
2024-11-14 09:00:00,2024-11-14,09:00:00,71.72,71.85,71.52,71.72,1796.0
2024-11-14 10:00:00,2024-11-14,10:00:00,71.74,72.67,71.74,72.46,3726.0
2024-11-14 11:00:00,2024-11-14,11:00:00,72.45,72.47,71.82,71.95,1530.0
2024-11-14 12:00:00,2024-11-14,12:00:00,71.95,72.18,71.88,72.07,1797.0
2024-11-14 13:00:00,2024-11-14,13:00:00,72.07,72.41,72.01,72.33,1578.0
2024-11-14 14:00:00,2024-11-14,14:00:00,72.32,72.44,71.88,71.88,1837.0
2024-11-14 15:00:00,2024-11-14,15:00:00,71.88,72.39,71.88,72.29,1788.0
2024-11-14 16:00:00,2024-11-14,16:00:00,72.32,72.78,72.28,72.58,4011.0
2024-11-15 07:00:00,2024-11-15,07:00:00,72.57,73.12,72.19,72.64,2422.0
2024-11-15 08:00:00,2024-11-15,08:00:00,72.65,72.7,72.07,72.27,1806.0
2024-11-15 09:00:00,2024-11-15,09:00:00,72.28,72.48,71.48,71.63,2270.0
2024-11-15 10:00:00,2024-11-15,10:00:00,71.58,71.65,71.22,71.52,3425.0
2024-11-15 11:00:00,2024-11-15,11:00:00,71.52,71.83,71.43,71.78,1468.0
2024-11-15 12:00:00,2024-11-15,12:00:00,71.78,71.89,71.64,71.72,1100.0
2024-11-15 13:00:00,2024-11-15,13:00:00,71.72,71.81,71.07,71.53,2239.0
2024-11-15 14:00:00,2024-11-15,14:00:00,71.49,72.86,71.43,72.65,4796.0
2024-11-15 15:00:00,2024-11-15,15:00:00,72.62,72.71,71.82,72.31,2966.0
2024-11-15 16:00:00,2024-11-15,16:00:00,72.34,72.42,71.62,71.76,2518.0
2024-11-18 07:00:00,2024-11-18,07:00:00,71.6,72.02,71.28,72,1571.0
2024-11-18 08:00:00,2024-11-18,08:00:00,72.01,72.92,71.99,72.62,2724.0
2024-11-18 09:00:00,2024-11-18,09:00:00,72.59,72.81,72.09,72.13,2389.0
2024-11-18 10:00:00,2024-11-18,10:00:00,72.14,74.04,72.14,73.54,6563.0
2024-11-18 11:00:00,2024-11-18,11:00:00,73.53,73.62,73.08,73.31,1601.0
2024-11-18 12:00:00,2024-11-18,12:00:00,73.32,73.47,73.17,73.35,1280.0
2024-11-18 13:00:00,2024-11-18,13:00:00,73.36,74.3,73.36,74.18,3603.0
2024-11-18 14:00:00,2024-11-18,14:00:00,74.18,74.35,73.87,73.92,4094.0
2024-11-18 15:00:00,2024-11-18,15:00:00,73.93,74.13,73.73,73.79,2608.0
2024-11-18 16:00:00,2024-11-18,16:00:00,73.74,73.98,73.54,73.87,2863.0
2024-11-19 07:00:00,2024-11-19,07:00:00,73.79,74.05,73.47,73.5,1903.0
2024-11-19 08:00:00,2024-11-19,08:00:00,73.49,73.77,73.23,73.46,2361.0
2024-11-19 09:00:00,2024-11-19,09:00:00,73.49,74.15,73.31,73.8,2794.0
2024-11-19 10:00:00,2024-11-19,10:00:00,73.79,73.8,73.43,73.61,2426.0
2024-11-19 11:00:00,2024-11-19,11:00:00,73.62,73.72,73.28,73.48,1900.0
2024-11-19 12:00:00,2024-11-19,12:00:00,73.48,73.49,72.51,73.1,4131.0
2024-11-19 13:00:00,2024-11-19,13:00:00,73.1,73.22,72.75,72.91,2060.0
2024-11-19 14:00:00,2024-11-19,14:00:00,72.9,72.97,72.5,72.7,2502.0
2024-11-19 15:00:00,2024-11-19,15:00:00,72.71,72.92,72.16,72.57,2959.0
2024-11-19 16:00:00,2024-11-19,16:00:00,72.58,72.82,72.22,72.72,2677.0
2024-11-20 07:00:00,2024-11-20,07:00:00,72.34,72.78,72.21,72.64,2576.0
2024-11-20 08:00:00,2024-11-20,08:00:00,72.62,72.98,72.45,72.57,2036.0
2024-11-20 09:00:00,2024-11-20,09:00:00,72.58,73.16,72.34,72.59,2327.0
2024-11-20 10:00:00,2024-11-20,10:00:00,72.59,73.09,72.51,72.75,1884.0
2024-11-20 11:00:00,2024-11-20,11:00:00,72.75,73.24,72.58,73.19,1358.0
2024-11-20 12:00:00,2024-11-20,12:00:00,73.21,73.23,72.66,72.72,1683.0
2024-11-20 13:00:00,2024-11-20,13:00:00,72.74,73.09,72.62,73.02,1461.0
2024-11-20 14:00:00,2024-11-20,14:00:00,73.03,73.72,73.01,73.49,2813.0
2024-11-20 15:00:00,2024-11-20,15:00:00,73.48,73.48,72.65,72.75,3108.0
2024-11-20 16:00:00,2024-11-20,16:00:00,72.79,72.87,72.59,72.67,1951.0
2024-11-21 07:00:00,2024-11-21,07:00:00,72.78,73.27,72.77,73.05,1443.0
2024-11-21 08:00:00,2024-11-21,08:00:00,73.03,74.23,72.93,73.75,4111.0
2024-11-21 09:00:00,2024-11-21,09:00:00,73.73,73.95,73.22,73.27,3180.0
2024-11-21 10:00:00,2024-11-21,10:00:00,73.28,74.65,73.27,74.29,5148.0
2024-11-21 11:00:00,2024-11-21,11:00:00,74.28,74.49,74.23,74.26,3514.0
2024-11-21 12:00:00,2024-11-21,12:00:00,74.26,74.48,74.07,74.25,1629.0
2024-11-21 13:00:00,2024-11-21,13:00:00,74.26,75.02,74.24,74.97,3328.0
2024-11-21 14:00:00,2024-11-21,14:00:00,74.97,75.1,74.4,74.4,3971.0
2024-11-21 15:00:00,2024-11-21,15:00:00,74.43,74.62,74.07,74.52,2250.0
2024-11-21 16:00:00,2024-11-21,16:00:00,74.52,74.99,74.21,74.92,2743.0
2024-11-22 07:00:00,2024-11-22,07:00:00,74.81,75.28,74.07,74.29,1723.0
2024-11-22 08:00:00,2024-11-22,08:00:00,74.29,74.37,73.76,74.12,2389.0
2024-11-22 09:00:00,2024-11-22,09:00:00,74.13,74.47,73.82,74.3,2065.0
2024-11-22 10:00:00,2024-11-22,10:00:00,74.3,74.7,73.9,74.1,2532.0
2024-11-22 11:00:00,2024-11-22,11:00:00,74.09,74.12,73.53,73.74,1721.0
2024-11-22 12:00:00,2024-11-22,12:00:00,73.73,74.24,73.7,74.03,1467.0
2024-11-22 13:00:00,2024-11-22,13:00:00,74,74.2,73.67,73.74,2355.0
2024-11-22 14:00:00,2024-11-22,14:00:00,73.74,73.8,73.53,73.7,1703.0
2024-11-22 15:00:00,2024-11-22,15:00:00,73.7,73.78,73.43,73.52,2523.0
2024-11-22 16:00:00,2024-11-22,16:00:00,73.52,73.73,73.33,73.46,2622.0
2024-11-25 07:00:00,2024-11-25,07:00:00,74.07,74.37,73.56,73.85,1795.0
2024-11-25 08:00:00,2024-11-25,08:00:00,73.87,74.31,73.66,73.97,1623.0
2024-11-25 09:00:00,2024-11-25,09:00:00,73.98,74.27,73.79,73.92,1686.0
2024-11-25 10:00:00,2024-11-25,10:00:00,73.95,75.07,73.89,74.86,2971.0
2024-11-25 11:00:00,2024-11-25,11:00:00,74.86,74.97,74.6,74.78,1038.0
2024-11-25 12:00:00,2024-11-25,12:00:00,74.81,75.42,74.76,75.36,2293.0
2024-11-25 13:00:00,2024-11-25,13:00:00,75.4,75.86,75.04,75.15,3885.0
2024-11-25 14:00:00,2024-11-25,14:00:00,75.15,75.15,74.53,74.54,2825.0
2024-11-25 15:00:00,2024-11-25,15:00:00,74.57,74.72,74.22,74.28,2082.0
2024-11-25 16:00:00,2024-11-25,16:00:00,74.25,74.43,74.08,74.24,2426.0
2024-11-26 07:00:00,2024-11-26,07:00:00,74.02,74.02,73.2,73.28,2241.0
2024-11-26 08:00:00,2024-11-26,08:00:00,73.29,73.54,72.98,73.27,1970.0
2024-11-26 09:00:00,2024-11-26,09:00:00,73.3,74.07,73.27,73.81,2521.0
2024-11-26 10:00:00,2024-11-26,10:00:00,73.85,74.06,73.58,73.64,1701.0
2024-11-26 11:00:00,2024-11-26,11:00:00,73.61,73.64,72.95,73.34,2901.0
2024-11-26 12:00:00,2024-11-26,12:00:00,73.37,73.4,72.95,72.99,1004.0
2024-11-26 13:00:00,2024-11-26,13:00:00,73,73.6,72.97,73.6,1507.0
2024-11-26 14:00:00,2024-11-26,14:00:00,73.58,73.72,73.09,73.11,2160.0
2024-11-26 15:00:00,2024-11-26,15:00:00,73.12,73.59,72.57,73.3,3943.0
2024-11-26 16:00:00,2024-11-26,16:00:00,73.33,73.67,73.11,73.2,1761.0
2024-11-27 07:00:00,2024-11-27,07:00:00,73.56,73.7,72.29,72.61,1390.0
2024-11-27 08:00:00,2024-11-27,08:00:00,72.59,73.04,72.59,72.91,987.0
2024-11-27 09:00:00,2024-11-27,09:00:00,72.9,72.94,72.24,72.4,2151.0
2024-11-27 10:00:00,2024-11-27,10:00:00,72.38,72.66,72.27,72.42,1105.0
2024-11-27 11:00:00,2024-11-27,11:00:00,72.38,72.67,72.3,72.67,708.0
2024-11-27 12:00:00,2024-11-27,12:00:00,72.67,72.94,72.52,72.72,1371.0
2024-11-27 13:00:00,2024-11-27,13:00:00,72.73,72.82,72.33,72.45,1771.0
2024-11-27 14:00:00,2024-11-27,14:00:00,72.44,72.48,72.02,72.33,2374.0
2024-11-27 15:00:00,2024-11-27,15:00:00,72.35,72.93,72.32,72.8,1544.0
2024-11-27 16:00:00,2024-11-27,16:00:00,72.78,72.89,72.52,72.74,1578.0
2024-11-28 07:00:00,2024-11-28,07:00:00,72.45,73.23,72.45,72.96,867.0
2024-11-28 08:00:00,2024-11-28,08:00:00,72.93,73.17,72.66,72.8,1018.0
2024-11-28 09:00:00,2024-11-28,09:00:00,72.79,72.79,72.3,72.32,1823.0
2024-11-28 10:00:00,2024-11-28,10:00:00,72.32,72.81,72.29,72.77,1228.0
2024-11-28 11:00:00,2024-11-28,11:00:00,72.74,72.85,72.12,72.23,1466.0
2024-11-28 12:00:00,2024-11-28,12:00:00,72.23,72.26,71.93,72.01,1682.0
2024-11-28 13:00:00,2024-11-28,13:00:00,71.99,72.66,71.85,72.45,1999.0
2024-11-28 14:00:00,2024-11-28,14:00:00,72.44,72.46,71.92,71.95,1371.0
2024-11-28 15:00:00,2024-11-28,15:00:00,71.97,72.18,71.87,71.94,1035.0
2024-11-28 16:00:00,2024-11-28,16:00:00,71.94,72.32,71.86,72.2,1743.0
2024-11-29 07:00:00,2024-11-29,07:00:00,72.17,72.38,71.93,72.06,601.0
2024-11-29 08:00:00,2024-11-29,08:00:00,72.06,72.28,71.83,72.04,1031.0
2024-11-29 09:00:00,2024-11-29,09:00:00,72.03,72.2,71.9,71.92,1080.0
2024-11-29 10:00:00,2024-11-29,10:00:00,71.91,72,71.45,71.6,2543.0
2024-11-29 11:00:00,2024-11-29,11:00:00,71.62,72.12,71.52,72.11,1256.0
2024-11-29 12:00:00,2024-11-29,12:00:00,72.09,72.73,72.02,72.48,2543.0
2024-11-29 13:00:00,2024-11-29,13:00:00,72.46,72.64,72.18,72.35,1458.0
2024-11-29 14:00:00,2024-11-29,14:00:00,72.35,72.43,72.12,72.12,1094.0
2024-11-29 15:00:00,2024-11-29,15:00:00,72.15,72.7,72.1,72.62,1147.0
2024-11-29 16:00:00,2024-11-29,16:00:00,72.62,72.86,72.59,72.71,2081.0
2024-12-02 07:00:00,2024-12-02,07:00:00,72.87,73.85,72.82,73.75,2052.0
2024-12-02 08:00:00,2024-12-02,08:00:00,73.75,74.26,73.62,74.09,2264.0
2024-12-02 09:00:00,2024-12-02,09:00:00,74.07,74.46,73.67,73.72,2814.0
2024-12-02 10:00:00,2024-12-02,10:00:00,73.68,74.06,73.65,73.75,1528.0
2024-12-02 11:00:00,2024-12-02,11:00:00,73.73,73.77,73.23,73.35,1382.0
2024-12-02 12:00:00,2024-12-02,12:00:00,73.32,73.48,72.65,72.78,2900.0
2024-12-02 13:00:00,2024-12-02,13:00:00,72.78,72.99,72.42,72.54,2365.0
2024-12-02 14:00:00,2024-12-02,14:00:00,72.53,72.98,72.48,72.7,1459.0
2024-12-02 15:00:00,2024-12-02,15:00:00,72.7,73.26,72.62,73.05,1406.0
2024-12-02 16:00:00,2024-12-02,16:00:00,73.02,73.29,72.85,72.92,1811.0
2024-12-03 07:00:00,2024-12-03,07:00:00,73.22,73.35,72.63,72.67,1535.0
2024-12-03 08:00:00,2024-12-03,08:00:00,72.69,72.84,72.17,72.42,2112.0
2024-12-03 09:00:00,2024-12-03,09:00:00,72.42,72.75,72.39,72.49,1534.0
2024-12-03 10:00:00,2024-12-03,10:00:00,72.48,72.95,72.47,72.83,1383.0
2024-12-03 11:00:00,2024-12-03,11:00:00,72.85,72.98,72.7,72.98,753.0
2024-12-03 12:00:00,2024-12-03,12:00:00,72.98,73.32,72.97,73.26,1735.0
2024-12-03 13:00:00,2024-12-03,13:00:00,73.27,73.35,73.15,73.2,1537.0
2024-12-03 14:00:00,2024-12-03,14:00:00,73.18,73.31,72.98,73.15,1360.0
2024-12-03 15:00:00,2024-12-03,15:00:00,73.2,73.57,72.84,72.95,2026.0
2024-12-03 16:00:00,2024-12-03,16:00:00,72.96,72.98,72.48,72.58,1868.0
2024-12-04 07:00:00,2024-12-04,07:00:00,72.33,72.6,72.13,72.32,1355.0
2024-12-04 08:00:00,2024-12-04,08:00:00,72.35,72.42,72.12,72.22,883.0
2024-12-04 09:00:00,2024-12-04,09:00:00,72.22,72.41,71.89,72.11,1637.0
2024-12-04 10:00:00,2024-12-04,10:00:00,72.11,72.14,71.83,71.99,1797.0
2024-12-04 11:00:00,2024-12-04,11:00:00,71.99,72.07,71.83,71.96,1126.0
2024-12-04 12:00:00,2024-12-04,12:00:00,71.95,71.98,71.6,71.93,1701.0
2024-12-04 13:00:00,2024-12-04,13:00:00,71.93,72.37,71.9,72.29,1874.0
2024-12-04 14:00:00,2024-12-04,14:00:00,72.26,72.32,71.84,72,1360.0
2024-12-04 15:00:00,2024-12-04,15:00:00,71.99,72.26,71.77,72.16,1507.0
2024-12-04 16:00:00,2024-12-04,16:00:00,72.16,72.41,72.12,72.37,1395.0
2024-12-05 07:00:00,2024-12-05,07:00:00,72.13,72.6,72.02,72.38,893.0
2024-12-05 08:00:00,2024-12-05,08:00:00,72.37,73.01,72.37,72.65,1278.0
2024-12-05 09:00:00,2024-12-05,09:00:00,72.65,72.77,71.86,71.97,2301.0
2024-12-05 10:00:00,2024-12-05,10:00:00,71.96,72.11,71.87,72,1302.0
2024-12-05 11:00:00,2024-12-05,11:00:00,71.97,72.27,71.87,72.13,1121.0
2024-12-05 12:00:00,2024-12-05,12:00:00,72.11,72.29,71.99,72.14,1041.0
2024-12-05 13:00:00,2024-12-05,13:00:00,72.16,72.37,71.99,72.23,1110.0
2024-12-05 14:00:00,2024-12-05,14:00:00,72.16,72.16,71.52,71.78,2443.0
2024-12-05 15:00:00,2024-12-05,15:00:00,71.76,71.82,71.23,71.67,2919.0
2024-12-05 16:00:00,2024-12-05,16:00:00,71.65,71.71,71.41,71.62,1448.0
2024-12-06 07:00:00,2024-12-06,07:00:00,71.57,71.8,71.24,71.7,840.0
2024-12-06 08:00:00,2024-12-06,08:00:00,71.68,71.8,71.39,71.53,907.0
2024-12-06 09:00:00,2024-12-06,09:00:00,71.53,71.82,71.4,71.68,945.0
2024-12-06 10:00:00,2024-12-06,10:00:00,71.68,71.76,71.4,71.63,1140.0
2024-12-06 11:00:00,2024-12-06,11:00:00,71.61,71.77,71.41,71.62,1027.0
2024-12-06 12:00:00,2024-12-06,12:00:00,71.64,71.67,71.5,71.59,663.0
2024-12-06 13:00:00,2024-12-06,13:00:00,71.58,72.21,71.53,71.59,1706.0
2024-12-06 14:00:00,2024-12-06,14:00:00,71.59,71.69,71.38,71.56,1308.0
2024-12-06 15:00:00,2024-12-06,15:00:00,71.55,72.21,71.46,72.17,1644.0
2024-12-06 16:00:00,2024-12-06,16:00:00,72.19,73.06,72.16,72.94,3321.0
2024-12-09 07:00:00,2024-12-09,07:00:00,72.87,73.02,72.57,72.59,985.0
2024-12-09 08:00:00,2024-12-09,08:00:00,72.57,72.65,71.87,71.96,2166.0
2024-12-09 09:00:00,2024-12-09,09:00:00,71.98,72.15,71.89,72.12,1211.0
2024-12-09 10:00:00,2024-12-09,10:00:00,72.11,72.14,71.65,71.77,1670.0
2024-12-09 11:00:00,2024-12-09,11:00:00,71.77,71.77,71.47,71.61,1789.0
2024-12-09 12:00:00,2024-12-09,12:00:00,71.64,71.84,71.52,71.55,1001.0
2024-12-09 13:00:00,2024-12-09,13:00:00,71.55,71.66,71.47,71.5,1198.0
2024-12-09 14:00:00,2024-12-09,14:00:00,71.49,71.49,70.25,70.9,6203.0
2024-12-09 15:00:00,2024-12-09,15:00:00,70.91,71.12,70.45,70.54,1527.0
2024-12-09 16:00:00,2024-12-09,16:00:00,70.52,71.05,70.44,70.86,1746.0
2024-12-10 07:00:00,2024-12-10,07:00:00,70.67,70.98,70.47,70.89,673.0
2024-12-10 08:00:00,2024-12-10,08:00:00,70.89,71.48,70.8,71.31,2286.0
2024-12-10 09:00:00,2024-12-10,09:00:00,71.33,71.49,71.07,71.32,1926.0
2024-12-10 10:00:00,2024-12-10,10:00:00,71.34,71.49,70.77,71.02,1902.0
2024-12-10 11:00:00,2024-12-10,11:00:00,71.02,71.12,70.94,71.05,863.0
2024-12-10 12:00:00,2024-12-10,12:00:00,71.08,72.15,70.98,71.98,2832.0
2024-12-10 13:00:00,2024-12-10,13:00:00,72.01,72.35,71.91,72.12,1761.0
2024-12-10 14:00:00,2024-12-10,14:00:00,72.14,72.82,72.1,72.78,2450.0
2024-12-10 15:00:00,2024-12-10,15:00:00,72.76,73.04,72.3,72.39,2881.0
2024-12-10 16:00:00,2024-12-10,16:00:00,72.37,72.93,72.36,72.83,1255.0
2024-12-11 07:00:00,2024-12-11,07:00:00,72.62,72.69,72.23,72.48,931.0
2024-12-11 08:00:00,2024-12-11,08:00:00,72.51,73.52,72.42,73.32,2373.0
2024-12-11 09:00:00,2024-12-11,09:00:00,73.3,73.8,72.84,73.71,3171.0
2024-12-11 10:00:00,2024-12-11,10:00:00,73.75,73.9,73.28,73.45,1718.0
2024-12-11 11:00:00,2024-12-11,11:00:00,73.47,73.69,73.32,73.41,1115.0
2024-12-11 12:00:00,2024-12-11,12:00:00,73.44,73.64,73.12,73.12,2097.0
2024-12-11 13:00:00,2024-12-11,13:00:00,73.12,73.14,72.28,73.12,3523.0
2024-12-11 14:00:00,2024-12-11,14:00:00,73.08,73.08,72.35,72.65,1762.0
2024-12-11 15:00:00,2024-12-11,15:00:00,72.61,73.1,72.5,72.75,1320.0
2024-12-11 16:00:00,2024-12-11,16:00:00,72.75,73.25,72.68,73.1,2162.0
2024-12-12 07:00:00,2024-12-12,07:00:00,72.85,73.16,72.49,72.66,1203.0
2024-12-12 08:00:00,2024-12-12,08:00:00,72.72,73.16,72.64,72.93,1000.0
2024-12-12 09:00:00,2024-12-12,09:00:00,72.92,73,72.2,72.25,2242.0
2024-12-12 10:00:00,2024-12-12,10:00:00,72.27,72.49,71.73,71.82,2597.0
2024-12-12 11:00:00,2024-12-12,11:00:00,71.85,72.27,71.76,72.17,1053.0
2024-12-12 12:00:00,2024-12-12,12:00:00,72.16,72.18,71.28,71.44,1516.0
2024-12-12 13:00:00,2024-12-12,13:00:00,71.42,71.44,70.63,70.81,2957.0
2024-12-12 14:00:00,2024-12-12,14:00:00,70.83,70.97,70.37,70.68,1747.0
2024-12-12 15:00:00,2024-12-12,15:00:00,70.67,70.68,70.07,70.43,1989.0
2024-12-12 16:00:00,2024-12-12,16:00:00,70.43,70.55,69.86,69.87,1760.0
2024-12-13 07:00:00,2024-12-13,07:00:00,70.13,70.56,70,70.39,775.0
2024-12-13 08:00:00,2024-12-13,08:00:00,70.2,70.85,70.15,70.73,992.0
2024-12-13 09:00:00,2024-12-13,09:00:00,70.77,70.93,70.52,70.7,711.0
2024-12-13 10:00:00,2024-12-13,10:00:00,70.7,70.7,70.23,70.5,1104.0
2024-12-13 11:00:00,2024-12-13,11:00:00,70.4,70.61,70.27,70.3,455.0
2024-12-13 12:00:00,2024-12-13,12:00:00,70.3,70.44,70.24,70.44,447.0
2024-12-13 13:00:00,2024-12-13,13:00:00,70.35,70.37,68.95,69.27,1532.0
2024-12-13 14:00:00,2024-12-13,14:00:00,69.32,69.64,68.93,69.49,1460.0
2024-12-13 15:00:00,2024-12-13,15:00:00,69.46,69.47,68.47,68.97,1297.0
2024-12-13 16:00:00,2024-12-13,16:00:00,68.97,69.1,68.52,68.67,792.0
2024-12-16 07:00:00,2024-12-16,07:00:00,68.28,68.63,67.51,68.06,2222.0
2024-12-16 08:00:00,2024-12-16,08:00:00,68.07,68.28,67.6,68.12,1926.0
2024-12-16 09:00:00,2024-12-16,09:00:00,68.1,68.3,67.83,68.01,1940.0
2024-12-16 10:00:00,2024-12-16,10:00:00,68.02,68.2,67.41,67.66,2771.0
2024-12-16 11:00:00,2024-12-16,11:00:00,67.65,67.8,67.4,67.59,1251.0
2024-12-16 12:00:00,2024-12-16,12:00:00,67.59,67.95,67.4,67.45,1690.0
2024-12-16 13:00:00,2024-12-16,13:00:00,67.42,67.59,66.95,67.52,2577.0
2024-12-16 14:00:00,2024-12-16,14:00:00,67.54,67.87,67.38,67.53,2592.0
2024-12-16 15:00:00,2024-12-16,15:00:00,67.53,67.99,67.52,67.66,3172.0
2024-12-16 16:00:00,2024-12-16,16:00:00,67.67,67.7,67.29,67.42,3037.0
2024-12-17 07:00:00,2024-12-17,07:00:00,67.28,68.01,67.21,67.74,1242.0
2024-12-17 08:00:00,2024-12-17,08:00:00,67.73,67.87,67.36,67.53,1626.0
2024-12-17 09:00:00,2024-12-17,09:00:00,67.55,67.76,67.45,67.75,1564.0
2024-12-17 10:00:00,2024-12-17,10:00:00,67.74,67.75,67.39,67.41,1852.0
2024-12-17 11:00:00,2024-12-17,11:00:00,67.4,67.75,67.26,67.55,2576.0
2024-12-17 12:00:00,2024-12-17,12:00:00,67.56,68.13,67.54,67.61,2758.0
2024-12-17 13:00:00,2024-12-17,13:00:00,67.57,67.67,67.44,67.53,1573.0
2024-12-17 14:00:00,2024-12-17,14:00:00,67.55,67.71,66.33,66.56,3773.0
2024-12-17 15:00:00,2024-12-17,15:00:00,66.55,67.09,66.5,66.52,3208.0
2024-12-17 16:00:00,2024-12-17,16:00:00,66.51,67.04,66.45,66.94,3104.0
2024-12-18 07:00:00,2024-12-18,07:00:00,66.68,67.18,66.55,66.71,1382.0
2024-12-18 08:00:00,2024-12-18,08:00:00,66.73,67.24,66.43,66.67,2667.0
2024-12-18 09:00:00,2024-12-18,09:00:00,66.64,67.37,66.56,67.3,3584.0
2024-12-18 10:00:00,2024-12-18,10:00:00,67.3,67.34,66.96,67.17,1597.0
2024-12-18 11:00:00,2024-12-18,11:00:00,67.18,67.75,67,67.7,2185.0
2024-12-18 12:00:00,2024-12-18,12:00:00,67.69,67.91,67.53,67.68,2087.0
2024-12-18 13:00:00,2024-12-18,13:00:00,67.67,68.03,67.66,67.72,1624.0
2024-12-18 14:00:00,2024-12-18,14:00:00,67.71,67.91,67.32,67.42,2187.0
2024-12-18 15:00:00,2024-12-18,15:00:00,67.39,67.48,66.99,67.14,2376.0
2024-12-18 16:00:00,2024-12-18,16:00:00,67.12,67.23,67.04,67.12,2114.0
2024-12-19 07:00:00,2024-12-19,07:00:00,67.28,67.92,67.08,67.55,1028.0
2024-12-19 08:00:00,2024-12-19,08:00:00,67.57,67.59,67.06,67.44,1368.0
2024-12-19 09:00:00,2024-12-19,09:00:00,67.45,67.75,67.18,67.6,1877.0
2024-12-19 10:00:00,2024-12-19,10:00:00,67.63,67.92,67.38,67.79,2072.0
2024-12-19 11:00:00,2024-12-19,11:00:00,67.81,69.33,67.77,69.26,3649.0
2024-12-19 12:00:00,2024-12-19,12:00:00,69.27,69.86,69.25,69.68,3907.0
2024-12-19 13:00:00,2024-12-19,13:00:00,69.68,70.13,69.34,69.59,2692.0
2024-12-19 14:00:00,2024-12-19,14:00:00,69.63,70.15,69.31,69.98,1886.0
2024-12-19 15:00:00,2024-12-19,15:00:00,70.02,70.28,69.58,69.73,2723.0
2024-12-19 16:00:00,2024-12-19,16:00:00,69.71,70.23,69.64,70.12,2218.0
2024-12-20 07:00:00,2024-12-20,07:00:00,70.13,70.98,70.13,70.66,1613.0
2024-12-20 08:00:00,2024-12-20,08:00:00,70.66,70.69,70.1,70.23,1114.0
2024-12-20 09:00:00,2024-12-20,09:00:00,70.19,70.42,70.01,70.32,1008.0
2024-12-20 10:00:00,2024-12-20,10:00:00,70.3,70.6,70.14,70.4,1172.0
2024-12-20 11:00:00,2024-12-20,11:00:00,70.43,70.63,69.97,70.15,890.0
2024-12-20 12:00:00,2024-12-20,12:00:00,70.17,70.29,70.04,70.26,495.0
2024-12-20 13:00:00,2024-12-20,13:00:00,70.25,70.33,69.9,70.23,945.0
2024-12-20 14:00:00,2024-12-20,14:00:00,70.19,70.19,69.68,69.88,1028.0
2024-12-20 15:00:00,2024-12-20,15:00:00,69.88,70.57,69.86,70.49,1811.0
2024-12-20 16:00:00,2024-12-20,16:00:00,70.51,70.58,69.8,69.87,1800.0
2024-12-23 07:00:00,2024-12-23,07:00:00,70.28,70.55,69.64,70.43,640.0
2024-12-23 08:00:00,2024-12-23,08:00:00,70.46,70.64,70.05,70.43,781.0
2024-12-23 09:00:00,2024-12-23,09:00:00,70.33,71.54,70.26,71.38,1781.0
2024-12-23 10:00:00,2024-12-23,10:00:00,71.37,71.94,71.29,71.65,1355.0
2024-12-23 11:00:00,2024-12-23,11:00:00,71.64,72.43,71.62,72.33,2522.0
2024-12-23 12:00:00,2024-12-23,12:00:00,72.35,72.42,72.03,72.22,1844.0
2024-12-23 13:00:00,2024-12-23,13:00:00,72.21,72.35,71.79,72.07,2006.0
2024-12-23 14:00:00,2024-12-23,14:00:00,72.04,72.27,71.91,71.91,1190.0
2024-12-23 15:00:00,2024-12-23,15:00:00,71.94,72.13,71.63,71.95,1308.0
2024-12-23 16:00:00,2024-12-23,16:00:00,71.97,72.13,71.75,71.94,898.0
2024-12-24 07:00:00,2024-12-24,07:00:00,71.94,72.33,71.8,72.33,658.0
2024-12-24 08:00:00,2024-12-24,08:00:00,72.32,72.32,71.68,72.13,664.0
2024-12-24 09:00:00,2024-12-24,09:00:00,72.13,72.23,71.77,71.79,800.0
2024-12-24 10:00:00,2024-12-24,10:00:00,71.78,72.04,71.34,71.82,751.0
2024-12-24 11:00:00,2024-12-24,11:00:00,71.81,71.96,71.53,71.7,698.0
2024-12-24 12:00:00,2024-12-24,12:00:00,71.69,71.83,71.6,71.6,456.0
2024-12-24 13:00:00,2024-12-24,13:00:00,71.63,71.9,71.56,71.75,242.0
2024-12-24 14:00:00,2024-12-24,14:00:00,71.81,72.11,71.7,71.99,393.0
2024-12-24 15:00:00,2024-12-24,15:00:00,71.96,72.13,71.92,72.04,207.0
2024-12-24 16:00:00,2024-12-24,16:00:00,72.02,72.25,71.91,72.15,392.0
2024-12-27 07:00:00,2024-12-27,07:00:00,72.03,73.22,71.89,73.13,1671.0
2024-12-27 08:00:00,2024-12-27,08:00:00,73.13,73.16,72.38,72.48,1674.0
2024-12-27 09:00:00,2024-12-27,09:00:00,72.5,73.2,72.41,73.04,1430.0
2024-12-27 10:00:00,2024-12-27,10:00:00,73.08,73.3,72.94,73.08,1040.0
2024-12-27 11:00:00,2024-12-27,11:00:00,73.08,73.15,72.78,72.8,424.0
2024-12-27 12:00:00,2024-12-27,12:00:00,72.78,72.98,72.53,72.93,613.0
2024-12-27 13:00:00,2024-12-27,13:00:00,72.91,73.43,72.82,73.11,1225.0
2024-12-27 14:00:00,2024-12-27,14:00:00,73.11,73.73,73.11,73.62,1419.0
2024-12-27 15:00:00,2024-12-27,15:00:00,73.66,73.92,73.06,73.64,1609.0
2024-12-27 16:00:00,2024-12-27,16:00:00,73.72,74.08,73.7,73.99,1870.0
2024-12-30 07:00:00,2024-12-30,07:00:00,73.93,74.1,72.68,72.89,1916.0
2024-12-30 08:00:00,2024-12-30,08:00:00,72.9,73.49,72.89,73.38,1289.0
2024-12-30 09:00:00,2024-12-30,09:00:00,73.38,73.8,73.35,73.54,1525.0
2024-12-30 10:00:00,2024-12-30,10:00:00,73.56,73.63,73.38,73.52,1145.0
2024-12-30 11:00:00,2024-12-30,11:00:00,73.52,73.68,73.44,73.6,1091.0
2024-12-30 12:00:00,2024-12-30,12:00:00,73.63,73.78,73.48,73.6,763.0
2024-12-30 13:00:00,2024-12-30,13:00:00,73.59,73.72,73.35,73.55,1179.0
2024-12-30 14:00:00,2024-12-30,14:00:00,73.56,73.83,73.43,73.82,1605.0
2024-12-30 15:00:00,2024-12-30,15:00:00,73.83,74.09,73.81,74.07,1744.0
2024-12-30 16:00:00,2024-12-30,16:00:00,74.05,74.34,74.05,74.31,2337.0
2024-12-31 07:00:00,2024-12-31,07:00:00,74.32,74.52,74.18,74.22,777.0
2024-12-31 08:00:00,2024-12-31,08:00:00,74.24,74.88,74.22,74.8,1406.0
2024-12-31 09:00:00,2024-12-31,09:00:00,74.85,75.63,74.85,75.52,2608.0
2024-12-31 10:00:00,2024-12-31,10:00:00,75.52,75.73,75.26,75.63,1537.0
2024-12-31 11:00:00,2024-12-31,11:00:00,75.64,75.9,75.2,75.22,2179.0
2024-12-31 12:00:00,2024-12-31,12:00:00,75.25,75.53,74.75,75.31,1684.0
2024-12-31 13:00:00,2024-12-31,13:00:00,75.32,75.78,75.21,75.5,1071.0
2024-12-31 14:00:00,2024-12-31,14:00:00,75.56,75.87,75.5,75.7,715.0
2024-12-31 15:00:00,2024-12-31,15:00:00,75.68,75.88,75.58,75.59,561.0
2024-12-31 16:00:00,2024-12-31,16:00:00,75.57,75.83,75.38,75.77,533.0
2025-01-02 07:00:00,2025-01-02,07:00:00,75.83,76.36,75.34,75.74,2090.0
2025-01-02 08:00:00,2025-01-02,08:00:00,75.74,76.28,75.39,75.52,2383.0
2025-01-02 09:00:00,2025-01-02,09:00:00,75.51,75.53,74.28,75.23,3379.0
2025-01-02 10:00:00,2025-01-02,10:00:00,75.21,75.78,74.92,75.73,1557.0
2025-01-02 11:00:00,2025-01-02,11:00:00,75.74,76.28,75.68,76.01,1480.0
2025-01-02 12:00:00,2025-01-02,12:00:00,75.98,76.82,75.92,76.71,1900.0
2025-01-02 13:00:00,2025-01-02,13:00:00,76.68,77.15,76.52,76.87,2250.0
2025-01-02 14:00:00,2025-01-02,14:00:00,76.9,77.28,76.85,77.28,3180.0
2025-01-02 15:00:00,2025-01-02,15:00:00,77.26,77.63,76.82,77.36,2570.0
2025-01-02 16:00:00,2025-01-02,16:00:00,77.34,77.58,77.01,77.17,2019.0
2025-01-03 07:00:00,2025-01-03,07:00:00,77.33,77.87,77.14,77.66,1186.0
2025-01-03 08:00:00,2025-01-03,08:00:00,77.66,77.78,77.19,77.31,1876.0
2025-01-03 09:00:00,2025-01-03,09:00:00,77.3,77.88,77.28,77.76,2172.0
2025-01-03 10:00:00,2025-01-03,10:00:00,77.76,78.17,77.48,78.1,1913.0
2025-01-03 11:00:00,2025-01-03,11:00:00,78.13,78.26,77.93,78.25,1798.0
2025-01-03 12:00:00,2025-01-03,12:00:00,78.24,78.26,77.18,77.92,2628.0
2025-01-03 13:00:00,2025-01-03,13:00:00,77.94,78.53,77.88,78.23,2120.0
2025-01-03 14:00:00,2025-01-03,14:00:00,78.26,78.63,77.98,78.11,2083.0
2025-01-03 15:00:00,2025-01-03,15:00:00,78.08,78.34,77.98,78.23,1404.0
2025-01-03 16:00:00,2025-01-03,16:00:00,78.25,78.51,78.14,78.47,2684.0
2025-01-06 07:00:00,2025-01-06,07:00:00,78.22,78.43,77.07,77.33,2027.0
2025-01-06 08:00:00,2025-01-06,08:00:00,77.33,77.69,77.01,77.34,2153.0
2025-01-06 09:00:00,2025-01-06,09:00:00,77.32,77.32,76.53,76.99,2731.0
2025-01-06 10:00:00,2025-01-06,10:00:00,76.95,77.29,76.87,76.92,1565.0
2025-01-06 11:00:00,2025-01-06,11:00:00,76.91,77.04,76.08,76.26,2281.0
2025-01-06 12:00:00,2025-01-06,12:00:00,76.25,76.53,76.08,76.31,1769.0
2025-01-06 13:00:00,2025-01-06,13:00:00,76.32,76.85,76.28,76.82,1489.0
2025-01-06 14:00:00,2025-01-06,14:00:00,76.8,76.97,76.68,76.93,1790.0
2025-01-06 15:00:00,2025-01-06,15:00:00,76.93,76.98,76.43,76.51,2776.0
2025-01-06 16:00:00,2025-01-06,16:00:00,76.51,76.77,76.29,76.6,2151.0
2025-01-07 07:00:00,2025-01-07,07:00:00,76.84,76.87,76.03,76.49,1722.0
2025-01-07 08:00:00,2025-01-07,08:00:00,76.47,77.2,75.96,76.04,2481.0
2025-01-07 09:00:00,2025-01-07,09:00:00,76.05,76.18,75.48,75.53,2859.0
2025-01-07 10:00:00,2025-01-07,10:00:00,75.53,75.8,75.19,75.79,2105.0
2025-01-07 11:00:00,2025-01-07,11:00:00,75.75,75.97,75.54,75.78,1103.0
2025-01-07 12:00:00,2025-01-07,12:00:00,75.74,75.79,75.4,75.44,852.0
2025-01-07 13:00:00,2025-01-07,13:00:00,75.42,75.87,75.39,75.44,1098.0
2025-01-07 14:00:00,2025-01-07,14:00:00,75.45,76.06,75.44,76.01,1592.0
2025-01-07 15:00:00,2025-01-07,15:00:00,76.01,76.66,75.8,76.53,2595.0
2025-01-07 16:00:00,2025-01-07,16:00:00,76.53,76.76,76.08,76.46,2435.0
2025-01-08 07:00:00,2025-01-08,07:00:00,76.9,76.9,75.84,76.06,1825.0
2025-01-08 08:00:00,2025-01-08,08:00:00,76.04,76.28,75.64,75.64,1630.0
2025-01-08 09:00:00,2025-01-08,09:00:00,75.65,75.88,75.43,75.52,2040.0
2025-01-08 10:00:00,2025-01-08,10:00:00,75.5,75.88,75.24,75.68,2425.0
2025-01-08 11:00:00,2025-01-08,11:00:00,75.65,75.68,74.35,74.65,3263.0
2025-01-08 12:00:00,2025-01-08,12:00:00,74.67,74.86,74.35,74.38,2175.0
2025-01-08 13:00:00,2025-01-08,13:00:00,74.36,74.73,74.19,74.73,2638.0
2025-01-08 14:00:00,2025-01-08,14:00:00,74.73,75.24,74.73,74.84,2637.0
2025-01-08 15:00:00,2025-01-08,15:00:00,74.88,75.06,74.5,74.55,1464.0
2025-01-08 16:00:00,2025-01-08,16:00:00,74.61,74.75,74.36,74.62,2028.0
2025-01-09 07:00:00,2025-01-09,07:00:00,74.23,74.81,74.2,74.53,1490.0
2025-01-09 08:00:00,2025-01-09,08:00:00,74.52,74.78,74.08,74.13,2216.0
2025-01-09 09:00:00,2025-01-09,09:00:00,74.14,74.61,74.09,74.34,1757.0
2025-01-09 10:00:00,2025-01-09,10:00:00,74.36,74.42,73.83,74.16,2725.0
2025-01-09 11:00:00,2025-01-09,11:00:00,74.17,74.89,74.02,74.69,2820.0
2025-01-09 12:00:00,2025-01-09,12:00:00,74.74,75.13,74.59,74.88,1889.0
2025-01-09 13:00:00,2025-01-09,13:00:00,74.9,75.38,74.84,74.89,3057.0
2025-01-09 14:00:00,2025-01-09,14:00:00,74.9,74.96,74.54,74.76,1572.0
2025-01-09 15:00:00,2025-01-09,15:00:00,74.74,75.99,74.7,75.9,3182.0
2025-01-09 16:00:00,2025-01-09,16:00:00,75.92,75.98,75.6,75.76,2130.0
2025-01-10 07:00:00,2025-01-10,07:00:00,75.67,75.76,75.08,75.33,1414.0
2025-01-10 08:00:00,2025-01-10,08:00:00,75.34,75.46,74.96,75.24,1894.0
2025-01-10 09:00:00,2025-01-10,09:00:00,75.24,75.47,74.61,74.85,2303.0
2025-01-10 10:00:00,2025-01-10,10:00:00,74.9,75.28,74.88,75.19,1612.0
2025-01-10 11:00:00,2025-01-10,11:00:00,75.19,75.78,75.08,75.7,2248.0
2025-01-10 12:00:00,2025-01-10,12:00:00,75.68,75.78,75.51,75.75,1302.0
2025-01-10 13:00:00,2025-01-10,13:00:00,75.74,76.53,75.63,76.33,2973.0
2025-01-10 14:00:00,2025-01-10,14:00:00,76.35,77.03,76.07,76.88,2559.0
2025-01-10 15:00:00,2025-01-10,15:00:00,76.91,77.46,76.66,77.18,3827.0
2025-01-10 16:00:00,2025-01-10,16:00:00,77.2,77.23,77.03,77.07,2028.0
2025-01-13 07:00:00,2025-01-13,07:00:00,77.68,78.58,77.68,77.85,3463.0
2025-01-13 08:00:00,2025-01-13,08:00:00,77.85,79.24,77.85,79.17,4351.0
2025-01-13 09:00:00,2025-01-13,09:00:00,79.14,79.18,78.63,78.87,3106.0
2025-01-13 10:00:00,2025-01-13,10:00:00,78.8,79,78.56,78.78,1634.0
2025-01-13 11:00:00,2025-01-13,11:00:00,78.78,79.14,78.53,78.65,1585.0
2025-01-13 12:00:00,2025-01-13,12:00:00,78.63,78.78,78.39,78.78,1444.0
2025-01-13 13:00:00,2025-01-13,13:00:00,78.74,78.74,78.28,78.43,1578.0
2025-01-13 14:00:00,2025-01-13,14:00:00,78.44,79.15,78.28,79.09,2157.0
2025-01-13 15:00:00,2025-01-13,15:00:00,79.09,79.51,78.61,79.34,3302.0
2025-01-13 16:00:00,2025-01-13,16:00:00,79.32,79.47,79.03,79.13,2410.0
2025-01-14 07:00:00,2025-01-14,07:00:00,79.03,79.53,78.9,79.03,1696.0
2025-01-14 08:00:00,2025-01-14,08:00:00,79,79.43,78.46,78.52,2370.0
2025-01-14 09:00:00,2025-01-14,09:00:00,78.53,79.03,78.53,79,1835.0
2025-01-14 10:00:00,2025-01-14,10:00:00,79.01,79.26,78.87,79.15,1726.0
2025-01-14 11:00:00,2025-01-14,11:00:00,79.17,79.53,78.67,78.91,1812.0
2025-01-14 12:00:00,2025-01-14,12:00:00,78.86,79.27,78.69,78.69,1245.0
2025-01-14 13:00:00,2025-01-14,13:00:00,78.71,78.91,78.28,78.33,2069.0
2025-01-14 14:00:00,2025-01-14,14:00:00,78.33,78.56,78.03,78.53,2476.0
2025-01-14 15:00:00,2025-01-14,15:00:00,78.56,79.16,78.45,79.11,1698.0
2025-01-14 16:00:00,2025-01-14,16:00:00,79.1,79.53,79.09,79.45,2854.0
2025-01-15 07:00:00,2025-01-15,07:00:00,79.53,80.63,79.48,80.29,3054.0
2025-01-15 08:00:00,2025-01-15,08:00:00,80.3,80.58,79.79,80.44,3243.0
2025-01-15 09:00:00,2025-01-15,09:00:00,80.45,80.67,80.08,80.38,2607.0
2025-01-15 10:00:00,2025-01-15,10:00:00,80.38,80.63,80.18,80.5,1539.0
2025-01-15 11:00:00,2025-01-15,11:00:00,80.52,81.23,80.46,80.78,2968.0
2025-01-15 12:00:00,2025-01-15,12:00:00,80.78,80.84,80.29,80.75,1849.0
2025-01-15 13:00:00,2025-01-15,13:00:00,80.75,81.1,80.6,81.03,1578.0
2025-01-15 14:00:00,2025-01-15,14:00:00,81.01,81.13,80.13,80.2,4331.0
2025-01-15 15:00:00,2025-01-15,15:00:00,80.19,80.29,79.58,79.92,2950.0
2025-01-15 16:00:00,2025-01-15,16:00:00,79.93,80.77,79.74,80.73,3448.0
2025-01-16 07:00:00,2025-01-16,07:00:00,80.28,80.28,79.53,80.01,2492.0
2025-01-16 08:00:00,2025-01-16,08:00:00,80.01,80.38,79.73,80.01,2244.0
2025-01-16 09:00:00,2025-01-16,09:00:00,80.01,80.54,80.01,80.15,2651.0
2025-01-16 10:00:00,2025-01-16,10:00:00,80.14,81.03,80.14,80.53,3056.0
2025-01-16 11:00:00,2025-01-16,11:00:00,80.52,80.64,79.66,79.91,2018.0
2025-01-16 12:00:00,2025-01-16,12:00:00,79.9,80.53,79.78,79.91,1736.0
2025-01-16 13:00:00,2025-01-16,13:00:00,79.9,80.38,79.85,80.06,1637.0
2025-01-16 14:00:00,2025-01-16,14:00:00,80.05,80.3,79.83,79.84,1351.0
2025-01-16 15:00:00,2025-01-16,15:00:00,79.84,80.75,79.73,80.64,2200.0
2025-01-16 16:00:00,2025-01-16,16:00:00,80.62,80.74,80.11,80.52,1942.0
2025-01-17 07:00:00,2025-01-17,07:00:00,80.46,80.53,80.08,80.39,945.0
2025-01-17 08:00:00,2025-01-17,08:00:00,80.42,81.53,80.28,81.33,3905.0
2025-01-17 09:00:00,2025-01-17,09:00:00,81.35,82.04,81.32,81.96,3546.0
2025-01-17 10:00:00,2025-01-17,10:00:00,81.97,82.13,81.61,81.88,2334.0
2025-01-17 11:00:00,2025-01-17,11:00:00,81.86,82.51,81.82,82.35,2894.0
2025-01-17 12:00:00,2025-01-17,12:00:00,82.31,82.68,82.19,82.51,2210.0
2025-01-17 13:00:00,2025-01-17,13:00:00,82.51,82.78,81.92,82.51,4616.0
2025-01-17 14:00:00,2025-01-17,14:00:00,82.51,82.54,81.35,81.69,4358.0
2025-01-17 15:00:00,2025-01-17,15:00:00,81.66,81.94,81.28,81.39,1759.0
2025-01-17 16:00:00,2025-01-17,16:00:00,81.39,82.03,81.38,82.03,2075.0
2025-01-20 07:00:00,2025-01-20,07:00:00,81.28,81.74,80.92,81.26,1906.0
2025-01-20 08:00:00,2025-01-20,08:00:00,81.26,81.46,80.99,81.08,1735.0
2025-01-20 09:00:00,2025-01-20,09:00:00,81.09,81.34,80.82,81.03,2078.0
2025-01-20 10:00:00,2025-01-20,10:00:00,81.01,81.13,80.73,81.01,2046.0
2025-01-20 11:00:00,2025-01-20,11:00:00,81,81.68,80.81,81.59,2133.0
2025-01-20 12:00:00,2025-01-20,12:00:00,81.6,82.78,81.53,82.25,4043.0
2025-01-20 13:00:00,2025-01-20,13:00:00,82.25,82.5,81.53,81.94,2846.0
2025-01-20 14:00:00,2025-01-20,14:00:00,81.94,82.48,81.69,82.25,1904.0
2025-01-20 15:00:00,2025-01-20,15:00:00,82.25,82.52,81.89,82.01,1495.0
2025-01-20 16:00:00,2025-01-20,16:00:00,81.99,82.39,81.99,82.32,1911.0
2025-01-21 07:00:00,2025-01-21,07:00:00,82.39,82.53,82.05,82.42,1154.0
2025-01-21 08:00:00,2025-01-21,08:00:00,82.43,82.7,81.61,81.93,3435.0
2025-01-21 09:00:00,2025-01-21,09:00:00,81.95,82.1,81.67,81.84,2154.0
2025-01-21 10:00:00,2025-01-21,10:00:00,81.84,81.99,81.17,81.23,2505.0
2025-01-21 11:00:00,2025-01-21,11:00:00,81.21,81.46,80.8,80.99,2046.0
2025-01-21 12:00:00,2025-01-21,12:00:00,80.98,81.21,80.18,80.51,3287.0
2025-01-21 13:00:00,2025-01-21,13:00:00,80.53,81.11,80.43,80.88,2156.0
2025-01-21 14:00:00,2025-01-21,14:00:00,80.88,82.05,80.64,81.8,3422.0
2025-01-21 15:00:00,2025-01-21,15:00:00,81.73,82.25,81.51,82.21,2774.0
2025-01-21 16:00:00,2025-01-21,16:00:00,82.23,82.65,82.02,82.12,3552.0
2025-01-22 07:00:00,2025-01-22,07:00:00,82.09,82.22,81.56,82.07,2282.0
2025-01-22 08:00:00,2025-01-22,08:00:00,82.08,82.23,81.08,81.28,3301.0
2025-01-22 09:00:00,2025-01-22,09:00:00,81.25,81.38,81,81.31,1882.0
2025-01-22 10:00:00,2025-01-22,10:00:00,81.3,81.7,81.03,81.41,2235.0
2025-01-22 11:00:00,2025-01-22,11:00:00,81.42,81.71,81.31,81.48,1069.0
2025-01-22 12:00:00,2025-01-22,12:00:00,81.53,81.94,81.31,81.64,1466.0
2025-01-22 13:00:00,2025-01-22,13:00:00,81.68,81.73,80.81,81.01,3017.0
2025-01-22 14:00:00,2025-01-22,14:00:00,80.99,81.44,80.84,80.93,2157.0
2025-01-22 15:00:00,2025-01-22,15:00:00,80.88,81.4,80.76,81.02,1660.0
2025-01-22 16:00:00,2025-01-22,16:00:00,80.98,81.49,80.79,81.48,2147.0
2025-01-23 07:00:00,2025-01-23,07:00:00,81.5,83.35,81.26,82.96,4215.0
2025-01-23 08:00:00,2025-01-23,08:00:00,82.98,83.98,82.88,83.88,5848.0
2025-01-23 09:00:00,2025-01-23,09:00:00,83.87,84.04,83.46,83.64,3308.0
2025-01-23 10:00:00,2025-01-23,10:00:00,83.64,84.01,83.31,83.92,2566.0
2025-01-23 11:00:00,2025-01-23,11:00:00,83.92,84.01,83.36,83.99,1963.0
2025-01-23 12:00:00,2025-01-23,12:00:00,84,84.28,83.08,83.39,3890.0
2025-01-23 13:00:00,2025-01-23,13:00:00,83.38,83.66,83.08,83.26,2229.0
2025-01-23 14:00:00,2025-01-23,14:00:00,83.33,83.7,83.03,83.52,1946.0
2025-01-23 15:00:00,2025-01-23,15:00:00,83.54,83.56,82.93,83.21,2067.0
2025-01-23 16:00:00,2025-01-23,16:00:00,83.21,83.31,82.92,83.12,2861.0
2025-01-24 07:00:00,2025-01-24,07:00:00,83.39,83.6,82.98,83.11,1591.0
2025-01-24 08:00:00,2025-01-24,08:00:00,83.13,84.01,82.98,83.48,2456.0
2025-01-24 09:00:00,2025-01-24,09:00:00,83.46,83.46,82.78,82.88,2159.0
2025-01-24 10:00:00,2025-01-24,10:00:00,82.88,83.39,82.88,83.14,1027.0
2025-01-24 11:00:00,2025-01-24,11:00:00,83.16,83.49,83.15,83.22,673.0
2025-01-24 12:00:00,2025-01-24,12:00:00,83.23,83.37,82.9,82.98,1294.0
2025-01-24 13:00:00,2025-01-24,13:00:00,82.97,83.05,82.16,82.65,3450.0
2025-01-24 14:00:00,2025-01-24,14:00:00,82.68,83.48,82.66,83.25,2008.0
2025-01-24 15:00:00,2025-01-24,15:00:00,83.24,83.91,82.99,83.78,2439.0
2025-01-24 16:00:00,2025-01-24,16:00:00,83.75,84.01,83.65,83.98,2474.0
2025-01-27 07:00:00,2025-01-27,07:00:00,83.35,83.67,82.81,83.46,1902.0
2025-01-27 08:00:00,2025-01-27,08:00:00,83.45,83.86,82.59,82.6,2831.0
2025-01-27 09:00:00,2025-01-27,09:00:00,82.6,82.93,82.08,82.21,3167.0
2025-01-27 10:00:00,2025-01-27,10:00:00,82.21,82.65,82.2,82.26,1861.0
2025-01-27 11:00:00,2025-01-27,11:00:00,82.28,82.35,81.53,81.7,2906.0
2025-01-27 12:00:00,2025-01-27,12:00:00,81.7,82.11,81.65,82.01,1812.0
2025-01-27 13:00:00,2025-01-27,13:00:00,82.02,82.11,81.61,81.79,1802.0
2025-01-27 14:00:00,2025-01-27,14:00:00,81.82,82.23,81.73,82.03,1723.0
2025-01-27 15:00:00,2025-01-27,15:00:00,82.01,82.04,81.65,81.68,1970.0
2025-01-27 16:00:00,2025-01-27,16:00:00,81.66,81.75,81.28,81.53,4009.0
2025-01-28 07:00:00,2025-01-28,07:00:00,81.83,81.87,80.58,81.25,3016.0
2025-01-28 08:00:00,2025-01-28,08:00:00,81.28,81.81,81.26,81.51,2192.0
2025-01-28 09:00:00,2025-01-28,09:00:00,81.55,81.74,80.96,81.18,2661.0
2025-01-28 10:00:00,2025-01-28,10:00:00,81.21,82.13,81.09,82,3170.0
2025-01-28 11:00:00,2025-01-28,11:00:00,82.03,82.04,81.48,81.99,1426.0
2025-01-28 12:00:00,2025-01-28,12:00:00,81.98,81.98,81.43,81.52,1351.0
2025-01-28 13:00:00,2025-01-28,13:00:00,81.52,81.83,81.41,81.51,1227.0
2025-01-28 14:00:00,2025-01-28,14:00:00,81.49,82.13,81.44,81.82,1585.0
2025-01-28 15:00:00,2025-01-28,15:00:00,81.81,83.08,81.5,82.56,4008.0
2025-01-28 16:00:00,2025-01-28,16:00:00,82.56,82.88,82.4,82.68,3558.0
2025-01-29 07:00:00,2025-01-29,07:00:00,83.08,84.17,83.08,83.71,2457.0
2025-01-29 08:00:00,2025-01-29,08:00:00,83.71,83.87,83.21,83.5,2817.0
2025-01-29 09:00:00,2025-01-29,09:00:00,83.51,83.71,83.36,83.68,1840.0
2025-01-29 10:00:00,2025-01-29,10:00:00,83.66,83.97,83.45,83.79,1356.0
2025-01-29 11:00:00,2025-01-29,11:00:00,83.79,84.13,83.79,83.9,930.0
2025-01-29 12:00:00,2025-01-29,12:00:00,83.9,85.68,83.88,85.58,6346.0
2025-01-29 13:00:00,2025-01-29,13:00:00,85.59,85.6,85.02,85.02,4333.0
2025-01-29 14:00:00,2025-01-29,14:00:00,85.03,85.33,84.67,85.28,2828.0
2025-01-29 15:00:00,2025-01-29,15:00:00,85.28,85.63,84.96,85.33,2105.0
2025-01-29 16:00:00,2025-01-29,16:00:00,85.28,86.08,85.13,85.93,2497.0
2025-01-30 07:00:00,2025-01-30,07:00:00,85.78,85.78,84.56,84.61,1950.0
2025-01-30 08:00:00,2025-01-30,08:00:00,84.61,85.08,84.53,84.6,1939.0
2025-01-30 09:00:00,2025-01-30,09:00:00,84.58,86.3,84.53,86.15,3613.0
2025-01-30 10:00:00,2025-01-30,10:00:00,86.15,86.78,85.93,86.01,3699.0
2025-01-30 11:00:00,2025-01-30,11:00:00,86.03,86.04,85.54,85.75,1242.0
2025-01-30 12:00:00,2025-01-30,12:00:00,85.71,86.15,85.12,85.53,2588.0
2025-01-30 13:00:00,2025-01-30,13:00:00,85.56,85.88,85.33,85.64,1629.0
2025-01-30 14:00:00,2025-01-30,14:00:00,85.64,85.98,85.33,85.45,1909.0
2025-01-30 15:00:00,2025-01-30,15:00:00,85.47,85.5,84.76,84.82,2539.0
2025-01-30 16:00:00,2025-01-30,16:00:00,84.81,85.09,84.74,84.88,1918.0
2025-01-31 07:00:00,2025-01-31,07:00:00,85.18,85.78,84.95,85.68,1410.0
2025-01-31 08:00:00,2025-01-31,08:00:00,85.76,86.2,85.23,85.48,2029.0
2025-01-31 09:00:00,2025-01-31,09:00:00,85.48,85.53,85.08,85.38,1680.0
2025-01-31 10:00:00,2025-01-31,10:00:00,85.38,85.96,85.25,85.28,2621.0
2025-01-31 11:00:00,2025-01-31,11:00:00,85.25,85.75,85.21,85.72,1416.0
2025-01-31 12:00:00,2025-01-31,12:00:00,85.74,85.75,85.25,85.36,1375.0
2025-01-31 13:00:00,2025-01-31,13:00:00,85.37,86.13,85.33,86.01,2082.0
2025-01-31 14:00:00,2025-01-31,14:00:00,86.02,86.71,86,86.39,2888.0
2025-01-31 15:00:00,2025-01-31,15:00:00,86.4,86.72,85.83,86.03,2096.0
2025-01-31 16:00:00,2025-01-31,16:00:00,86.02,86.33,85.93,86.1,2617.0
2025-02-03 07:00:00,2025-02-03,07:00:00,86.29,86.5,84.63,84.77,3937.0
2025-02-03 08:00:00,2025-02-03,08:00:00,84.77,85.13,84.23,84.74,3049.0
2025-02-03 09:00:00,2025-02-03,09:00:00,84.74,85.3,84.67,84.82,2495.0
2025-02-03 10:00:00,2025-02-03,10:00:00,84.81,85.43,84.67,85.31,1823.0
2025-02-03 11:00:00,2025-02-03,11:00:00,85.31,85.42,84.51,84.53,1744.0
2025-02-03 12:00:00,2025-02-03,12:00:00,84.55,84.67,83.49,83.56,4981.0
2025-02-03 13:00:00,2025-02-03,13:00:00,83.56,83.59,82.89,83.42,4059.0
2025-02-03 14:00:00,2025-02-03,14:00:00,83.38,83.58,82.79,82.99,2352.0
2025-02-03 15:00:00,2025-02-03,15:00:00,82.98,83.42,82.38,82.93,4925.0
2025-02-03 16:00:00,2025-02-03,16:00:00,82.88,83.66,82.88,83.63,2965.0
2025-02-04 07:00:00,2025-02-04,07:00:00,83.38,83.42,82.53,82.81,2298.0
2025-02-04 08:00:00,2025-02-04,08:00:00,82.84,83.08,81.95,82.84,2581.0
2025-02-04 09:00:00,2025-02-04,09:00:00,82.87,83.56,82.78,83.3,2711.0
2025-02-04 10:00:00,2025-02-04,10:00:00,83.32,83.56,81.76,81.78,3988.0
2025-02-04 11:00:00,2025-02-04,11:00:00,81.81,83.14,81.81,82.98,2281.0
2025-02-04 12:00:00,2025-02-04,12:00:00,82.97,83.61,82.73,83.5,3017.0
2025-02-04 13:00:00,2025-02-04,13:00:00,83.52,83.88,83.13,83.88,1953.0
2025-02-04 14:00:00,2025-02-04,14:00:00,83.89,84.18,83.76,83.87,1859.0
2025-02-04 15:00:00,2025-02-04,15:00:00,83.88,84.06,83.11,83.24,2147.0
2025-02-04 16:00:00,2025-02-04,16:00:00,83.26,83.32,82.54,83.07,2884.0
2025-02-05 07:00:00,2025-02-05,07:00:00,83.28,83.72,82.73,83.45,1029.0
2025-02-05 08:00:00,2025-02-05,08:00:00,83.48,83.92,83.1,83.18,1800.0
2025-02-05 09:00:00,2025-02-05,09:00:00,83.14,83.18,82.06,82.21,2878.0
2025-02-05 10:00:00,2025-02-05,10:00:00,82.17,82.97,82.05,82.93,2171.0
2025-02-05 11:00:00,2025-02-05,11:00:00,82.95,82.97,82.39,82.47,1132.0
2025-02-05 12:00:00,2025-02-05,12:00:00,82.48,83.09,82.46,83.05,1274.0
2025-02-05 13:00:00,2025-02-05,13:00:00,83.06,83.88,83.05,83.76,2584.0
2025-02-05 14:00:00,2025-02-05,14:00:00,83.74,84.94,83.74,84.66,4610.0
2025-02-05 15:00:00,2025-02-05,15:00:00,84.64,84.83,83.41,83.41,3519.0
2025-02-05 16:00:00,2025-02-05,16:00:00,83.42,83.6,83.18,83.28,2483.0
2025-02-06 07:00:00,2025-02-06,07:00:00,83.33,83.73,83.22,83.28,1086.0
2025-02-06 08:00:00,2025-02-06,08:00:00,83.29,84.18,83.29,83.95,2182.0
2025-02-06 09:00:00,2025-02-06,09:00:00,83.95,84.52,83.93,84.3,2509.0
2025-02-06 10:00:00,2025-02-06,10:00:00,84.28,84.4,83.84,83.91,2434.0
2025-02-06 11:00:00,2025-02-06,11:00:00,83.9,84.97,83.81,84.72,3965.0
2025-02-06 12:00:00,2025-02-06,12:00:00,84.74,84.76,84.32,84.56,1358.0
2025-02-06 13:00:00,2025-02-06,13:00:00,84.52,85.28,84.41,84.63,2435.0
2025-02-06 14:00:00,2025-02-06,14:00:00,84.67,85.13,84,84.22,2455.0
2025-02-06 15:00:00,2025-02-06,15:00:00,84.19,84.39,83.54,84.34,3719.0
2025-02-06 16:00:00,2025-02-06,16:00:00,84.35,84.36,83.89,84.1,2069.0
2025-02-07 07:00:00,2025-02-07,07:00:00,83.92,84.1,83.39,83.44,1351.0
2025-02-07 08:00:00,2025-02-07,08:00:00,83.43,84.64,83.39,84.43,2599.0
2025-02-07 09:00:00,2025-02-07,09:00:00,84.44,84.93,84.36,84.69,2107.0
2025-02-07 10:00:00,2025-02-07,10:00:00,84.72,84.93,84.22,84.4,1792.0
2025-02-07 11:00:00,2025-02-07,11:00:00,84.43,84.55,83.78,84.1,1715.0
2025-02-07 12:00:00,2025-02-07,12:00:00,84.08,84.59,83.95,84.58,1626.0
2025-02-07 13:00:00,2025-02-07,13:00:00,84.58,84.58,83.92,84.55,1683.0
2025-02-07 14:00:00,2025-02-07,14:00:00,84.55,84.55,84.2,84.47,1210.0
2025-02-07 15:00:00,2025-02-07,15:00:00,84.48,84.68,84.3,84.49,1666.0
2025-02-07 16:00:00,2025-02-07,16:00:00,84.51,84.74,84.45,84.64,1878.0
2025-02-10 07:00:00,2025-02-10,07:00:00,84.98,85.96,84.98,85.78,2574.0
2025-02-10 08:00:00,2025-02-10,08:00:00,85.77,86.53,85.67,86.15,3360.0
2025-02-10 09:00:00,2025-02-10,09:00:00,86.15,86.29,85.49,85.69,2310.0
2025-02-10 10:00:00,2025-02-10,10:00:00,85.73,86.18,85.58,85.98,1508.0
2025-02-10 11:00:00,2025-02-10,11:00:00,85.93,86.09,85.52,85.64,1802.0
2025-02-10 12:00:00,2025-02-10,12:00:00,85.6,85.98,85.58,85.69,1470.0
2025-02-10 13:00:00,2025-02-10,13:00:00,85.73,85.96,85.49,85.65,2716.0
2025-02-10 14:00:00,2025-02-10,14:00:00,85.63,85.71,85.23,85.63,1859.0
2025-02-10 15:00:00,2025-02-10,15:00:00,85.65,85.78,85.23,85.33,1712.0
2025-02-10 16:00:00,2025-02-10,16:00:00,85.29,85.44,85.09,85.23,2246.0
2025-02-11 07:00:00,2025-02-11,07:00:00,85.08,85.28,83.9,84.39,2415.0
2025-02-11 08:00:00,2025-02-11,08:00:00,84.38,84.73,84.13,84.31,2202.0
2025-02-11 09:00:00,2025-02-11,09:00:00,84.34,84.71,84.19,84.62,1152.0
2025-02-11 10:00:00,2025-02-11,10:00:00,84.62,85.18,84.27,84.96,2474.0
2025-02-11 11:00:00,2025-02-11,11:00:00,84.96,85.28,84.78,85.22,1214.0
2025-02-11 12:00:00,2025-02-11,12:00:00,85.25,86.45,85.23,86.05,4800.0
2025-02-11 13:00:00,2025-02-11,13:00:00,86.05,86.15,85.68,85.72,1878.0
2025-02-11 14:00:00,2025-02-11,14:00:00,85.67,85.7,84.59,85.03,4034.0
2025-02-11 15:00:00,2025-02-11,15:00:00,85.03,85.27,84.56,84.85,2094.0
2025-02-11 16:00:00,2025-02-11,16:00:00,84.85,85.03,84.23,84.23,2862.0
2025-02-12 07:00:00,2025-02-12,07:00:00,83.88,84.4,83.34,84.04,2182.0
2025-02-12 08:00:00,2025-02-12,08:00:00,84.05,84.31,83.67,83.91,2442.0
2025-02-12 09:00:00,2025-02-12,09:00:00,83.91,83.95,83.18,83.23,3856.0
2025-02-12 10:00:00,2025-02-12,10:00:00,83.21,84.19,83.13,84.05,2541.0
2025-02-12 11:00:00,2025-02-12,11:00:00,84.06,84.13,83.16,83.18,2411.0
2025-02-12 12:00:00,2025-02-12,12:00:00,83.19,83.62,82.83,83.35,2653.0
2025-02-12 13:00:00,2025-02-12,13:00:00,83.34,83.85,83.19,83.68,2301.0
2025-02-12 14:00:00,2025-02-12,14:00:00,83.68,83.68,82.78,83.09,1996.0
2025-02-12 15:00:00,2025-02-12,15:00:00,83.09,83.12,82.33,82.47,4540.0
2025-02-12 16:00:00,2025-02-12,16:00:00,82.49,83.28,82.45,83.22,3650.0
2025-02-13 07:00:00,2025-02-13,07:00:00,82.53,82.77,81.48,81.72,3663.0
2025-02-13 08:00:00,2025-02-13,08:00:00,81.76,81.76,80.68,80.98,4676.0
2025-02-13 09:00:00,2025-02-13,09:00:00,80.96,81.28,80.79,81.15,2392.0
2025-02-13 10:00:00,2025-02-13,10:00:00,81.13,81.52,80.89,81.21,2966.0
2025-02-13 11:00:00,2025-02-13,11:00:00,81.19,81.28,80.76,80.93,2607.0
2025-02-13 12:00:00,2025-02-13,12:00:00,80.92,80.97,80.07,80.36,6740.0
2025-02-13 13:00:00,2025-02-13,13:00:00,80.36,81.06,80.23,81.02,3186.0
2025-02-13 14:00:00,2025-02-13,14:00:00,81.02,81.34,80.46,80.9,4045.0
2025-02-13 15:00:00,2025-02-13,15:00:00,80.89,81.33,80.5,80.76,2721.0
2025-02-13 16:00:00,2025-02-13,16:00:00,80.75,80.83,80.2,80.34,4185.0
2025-02-14 07:00:00,2025-02-14,07:00:00,79.97,80.12,79.53,79.83,3118.0
2025-02-14 08:00:00,2025-02-14,08:00:00,79.9,80.43,79.78,80.19,2928.0
2025-02-14 09:00:00,2025-02-14,09:00:00,80.18,80.66,79.76,79.91,3551.0
2025-02-14 10:00:00,2025-02-14,10:00:00,79.89,80.56,79.59,80.39,3207.0
2025-02-14 11:00:00,2025-02-14,11:00:00,80.44,81.26,80.31,80.93,2810.0
2025-02-14 12:00:00,2025-02-14,12:00:00,80.94,81.41,80.87,81.35,2202.0
2025-02-14 13:00:00,2025-02-14,13:00:00,81.32,81.57,80.77,81.08,2164.0
2025-02-14 14:00:00,2025-02-14,14:00:00,81.08,82.07,80.78,81.96,2798.0
2025-02-14 15:00:00,2025-02-14,15:00:00,81.98,82.16,81.35,82.14,3104.0
2025-02-14 16:00:00,2025-02-14,16:00:00,82.1,82.21,81.76,82.18,2353.0
2025-02-17 07:00:00,2025-02-17,07:00:00,82.16,82.16,80.99,81.48,1826.0
2025-02-17 08:00:00,2025-02-17,08:00:00,81.48,81.68,81,81.63,2496.0
2025-02-17 09:00:00,2025-02-17,09:00:00,81.63,81.76,81.23,81.29,2117.0
2025-02-17 10:00:00,2025-02-17,10:00:00,81.26,81.37,80.98,81.25,1530.0
2025-02-17 11:00:00,2025-02-17,11:00:00,81.25,81.35,80.88,81.33,1163.0
2025-02-17 12:00:00,2025-02-17,12:00:00,81.36,81.38,80.41,80.43,1902.0
2025-02-17 13:00:00,2025-02-17,13:00:00,80.43,80.5,79.97,80.24,2385.0
2025-02-17 14:00:00,2025-02-17,14:00:00,80.23,80.51,79.95,79.99,1824.0
2025-02-17 15:00:00,2025-02-17,15:00:00,79.99,80.15,79.31,79.43,3485.0
2025-02-17 16:00:00,2025-02-17,16:00:00,79.44,79.63,79.08,79.17,3365.0
2025-02-18 07:00:00,2025-02-18,07:00:00,79.01,79.68,78.95,79.31,2831.0
2025-02-18 08:00:00,2025-02-18,08:00:00,79.31,79.56,78.67,79.18,3791.0
2025-02-18 09:00:00,2025-02-18,09:00:00,79.18,79.38,78.86,78.91,2502.0
2025-02-18 10:00:00,2025-02-18,10:00:00,78.9,78.9,78.3,78.45,3920.0
2025-02-18 11:00:00,2025-02-18,11:00:00,78.45,78.48,77.99,78.05,3025.0
2025-02-18 12:00:00,2025-02-18,12:00:00,78.06,78.92,77.61,77.74,6400.0
2025-02-18 13:00:00,2025-02-18,13:00:00,77.74,77.8,76.91,77.33,6111.0
2025-02-18 14:00:00,2025-02-18,14:00:00,77.33,77.65,77.08,77.53,3063.0
2025-02-18 15:00:00,2025-02-18,15:00:00,77.54,77.88,77.28,77.83,2985.0
2025-02-18 16:00:00,2025-02-18,16:00:00,77.81,78.13,77.39,77.99,4052.0
2025-02-19 07:00:00,2025-02-19,07:00:00,77.76,78.54,77.73,78.19,2052.0
2025-02-19 08:00:00,2025-02-19,08:00:00,78.21,78.22,76.63,77.41,4221.0
2025-02-19 09:00:00,2025-02-19,09:00:00,77.44,77.51,76.63,76.97,2736.0
2025-02-19 10:00:00,2025-02-19,10:00:00,76.98,77.29,76.77,76.81,2157.0
2025-02-19 11:00:00,2025-02-19,11:00:00,76.83,77.29,76.6,77.28,1745.0
2025-02-19 12:00:00,2025-02-19,12:00:00,77.29,77.37,77.03,77.13,1695.0
2025-02-19 13:00:00,2025-02-19,13:00:00,77.12,77.87,77.06,77.64,2339.0
2025-02-19 14:00:00,2025-02-19,14:00:00,77.66,77.67,76.76,77.08,2585.0
2025-02-19 15:00:00,2025-02-19,15:00:00,77.09,77.18,76.33,76.48,3833.0
2025-02-19 16:00:00,2025-02-19,16:00:00,76.47,76.56,75.81,75.89,4020.0
2025-02-20 07:00:00,2025-02-20,07:00:00,76.13,76.25,75.33,75.57,2621.0
2025-02-20 08:00:00,2025-02-20,08:00:00,75.53,75.73,74.86,75.25,3780.0
2025-02-20 09:00:00,2025-02-20,09:00:00,75.24,75.59,75.02,75.33,3217.0
2025-02-20 10:00:00,2025-02-20,10:00:00,75.32,75.33,74.56,74.66,3337.0
2025-02-20 11:00:00,2025-02-20,11:00:00,74.65,75.39,74.54,75.17,2498.0
2025-02-20 12:00:00,2025-02-20,12:00:00,75.17,75.53,74.84,75.03,2096.0
2025-02-20 13:00:00,2025-02-20,13:00:00,75,75.23,74.65,75.01,2474.0
2025-02-20 14:00:00,2025-02-20,14:00:00,75,75.43,74.83,75.03,2777.0
2025-02-20 15:00:00,2025-02-20,15:00:00,75.02,75.73,75.01,75.01,3584.0
2025-02-20 16:00:00,2025-02-20,16:00:00,75.01,75.06,74.63,74.75,4111.0
2025-02-21 07:00:00,2025-02-21,07:00:00,74.88,75.51,74.69,75.17,1464.0
2025-02-21 08:00:00,2025-02-21,08:00:00,75.18,76.24,75.08,76.07,3708.0
2025-02-21 09:00:00,2025-02-21,09:00:00,76.12,77.18,76.06,77.02,3801.0
2025-02-21 10:00:00,2025-02-21,10:00:00,77.01,77.17,76.51,76.73,2122.0
2025-02-21 11:00:00,2025-02-21,11:00:00,76.73,76.8,76.29,76.52,1792.0
2025-02-21 12:00:00,2025-02-21,12:00:00,76.53,76.93,76.36,76.83,1687.0
2025-02-21 13:00:00,2025-02-21,13:00:00,76.82,76.89,76.11,76.29,2465.0
2025-02-21 14:00:00,2025-02-21,14:00:00,76.29,76.46,75.95,76.19,1932.0
2025-02-21 15:00:00,2025-02-21,15:00:00,76.19,76.87,75.78,76.24,3868.0
2025-02-21 16:00:00,2025-02-21,16:00:00,76.16,76.39,75.96,76,2741.0
2025-02-24 07:00:00,2025-02-24,07:00:00,76.9,77.27,75.78,75.9,2896.0
2025-02-24 08:00:00,2025-02-24,08:00:00,75.91,76.11,75.4,75.91,3395.0
2025-02-24 09:00:00,2025-02-24,09:00:00,75.89,75.94,74.79,74.92,2898.0
2025-02-24 10:00:00,2025-02-24,10:00:00,74.92,75.12,74.63,74.72,2628.0
2025-02-24 11:00:00,2025-02-24,11:00:00,74.7,74.83,74.45,74.82,2237.0
2025-02-24 12:00:00,2025-02-24,12:00:00,74.81,75.2,74.44,74.95,2252.0
2025-02-24 13:00:00,2025-02-24,13:00:00,74.96,75.26,74.85,75.19,1686.0
2025-02-24 14:00:00,2025-02-24,14:00:00,75.17,75.51,74.98,75.24,2302.0
2025-02-24 15:00:00,2025-02-24,15:00:00,75.24,76.08,74.97,76.03,2699.0
2025-02-24 16:00:00,2025-02-24,16:00:00,76.02,76.18,75.79,76.15,2645.0
2025-02-25 07:00:00,2025-02-25,07:00:00,76.04,76.28,75.36,75.51,1530.0
2025-02-25 08:00:00,2025-02-25,08:00:00,75.5,75.86,75.32,75.52,1515.0
2025-02-25 09:00:00,2025-02-25,09:00:00,75.55,75.6,74.81,75.07,2789.0
2025-02-25 10:00:00,2025-02-25,10:00:00,75.06,75.76,74.99,75.63,2158.0
2025-02-25 11:00:00,2025-02-25,11:00:00,75.63,75.68,75.15,75.25,1477.0
2025-02-25 12:00:00,2025-02-25,12:00:00,75.25,75.42,75.1,75.28,1001.0
2025-02-25 13:00:00,2025-02-25,13:00:00,75.28,75.53,75.17,75.45,1548.0
2025-02-25 14:00:00,2025-02-25,14:00:00,75.45,75.63,74.72,74.74,2315.0
2025-02-25 15:00:00,2025-02-25,15:00:00,74.73,75.04,73.43,73.67,6085.0
2025-02-25 16:00:00,2025-02-25,16:00:00,73.65,74.17,73.62,74.06,3679.0
2025-02-26 07:00:00,2025-02-26,07:00:00,74.06,74.69,73.63,74.4,2396.0
2025-02-26 08:00:00,2025-02-26,08:00:00,74.44,74.86,74.21,74.76,2430.0
2025-02-26 09:00:00,2025-02-26,09:00:00,74.7,74.75,74.04,74.28,2782.0
2025-02-26 10:00:00,2025-02-26,10:00:00,74.28,74.37,73.36,74.03,4192.0
2025-02-26 11:00:00,2025-02-26,11:00:00,74.04,74.37,73.77,74.24,2433.0
2025-02-26 12:00:00,2025-02-26,12:00:00,74.23,74.58,74.08,74.2,1780.0
2025-02-26 13:00:00,2025-02-26,13:00:00,74.2,74.49,74.15,74.23,1522.0
2025-02-26 14:00:00,2025-02-26,14:00:00,74.23,74.31,73.78,73.99,2007.0
2025-02-26 15:00:00,2025-02-26,15:00:00,73.99,74.03,73.19,73.28,4286.0
2025-02-26 16:00:00,2025-02-26,16:00:00,73.25,73.84,72.97,73.61,3743.0
2025-02-27 07:00:00,2025-02-27,07:00:00,73.28,74.37,73.28,74.21,2367.0
2025-02-27 08:00:00,2025-02-27,08:00:00,74.17,74.17,73.35,73.86,3100.0
2025-02-27 09:00:00,2025-02-27,09:00:00,73.84,74.23,73.74,73.75,2883.0
2025-02-27 10:00:00,2025-02-27,10:00:00,73.75,75.81,73.75,75.08,5921.0
2025-02-27 11:00:00,2025-02-27,11:00:00,75.08,75.67,75.05,75.28,2029.0
2025-02-27 12:00:00,2025-02-27,12:00:00,75.3,75.46,74.53,74.73,2105.0
2025-02-27 13:00:00,2025-02-27,13:00:00,74.75,75.27,74.52,74.56,1714.0
2025-02-27 14:00:00,2025-02-27,14:00:00,74.54,74.96,74.51,74.62,1518.0
2025-02-27 15:00:00,2025-02-27,15:00:00,74.6,75.56,74.53,75.01,3587.0
2025-02-27 16:00:00,2025-02-27,16:00:00,74.99,75.39,74.9,75.3,2800.0
2025-02-28 07:00:00,2025-02-28,07:00:00,75.18,75.97,75.18,75.48,2425.0
2025-02-28 08:00:00,2025-02-28,08:00:00,75.43,75.46,74.66,74.8,2743.0
2025-02-28 09:00:00,2025-02-28,09:00:00,74.8,74.93,73.93,74.38,2593.0
2025-02-28 10:00:00,2025-02-28,10:00:00,74.38,74.83,74.1,74.56,2148.0
2025-02-28 11:00:00,2025-02-28,11:00:00,74.55,74.84,74.37,74.74,949.0
2025-02-28 12:00:00,2025-02-28,12:00:00,74.72,75.12,73.93,74.02,2135.0
2025-02-28 13:00:00,2025-02-28,13:00:00,74.06,74.14,73.64,73.73,2265.0
2025-02-28 14:00:00,2025-02-28,14:00:00,73.72,73.89,73.26,73.36,2472.0
2025-02-28 15:00:00,2025-02-28,15:00:00,73.37,73.53,73.07,73.16,2325.0
2025-02-28 16:00:00,2025-02-28,16:00:00,73.16,73.48,73.04,73.43,2756.0
2025-03-03 07:00:00,2025-03-03,07:00:00,74.08,75.15,73.61,73.91,3911.0
2025-03-03 08:00:00,2025-03-03,08:00:00,73.89,75.02,73.86,74.43,3859.0
2025-03-03 09:00:00,2025-03-03,09:00:00,74.44,74.58,74.03,74.06,2325.0
2025-03-03 10:00:00,2025-03-03,10:00:00,74.03,75.02,74.03,74.7,2449.0
2025-03-03 11:00:00,2025-03-03,11:00:00,74.7,74.92,74.48,74.51,1261.0
2025-03-03 12:00:00,2025-03-03,12:00:00,74.51,75.03,74.18,74.73,1935.0
2025-03-03 13:00:00,2025-03-03,13:00:00,74.78,74.88,74.25,74.3,1448.0
2025-03-03 14:00:00,2025-03-03,14:00:00,74.29,74.29,73.63,73.77,2441.0
2025-03-03 15:00:00,2025-03-03,15:00:00,73.77,74.07,73.56,74.07,1528.0
2025-03-03 16:00:00,2025-03-03,16:00:00,74.06,74.1,73.68,73.88,1695.0
2025-03-04 07:00:00,2025-03-04,07:00:00,73.68,73.94,71.78,71.83,5656.0
2025-03-04 08:00:00,2025-03-04,08:00:00,71.83,72.03,71.46,71.81,5256.0
2025-03-04 09:00:00,2025-03-04,09:00:00,71.81,72.11,71.7,72.06,2831.0
2025-03-04 10:00:00,2025-03-04,10:00:00,72.04,72.04,71.44,71.52,2876.0
2025-03-04 11:00:00,2025-03-04,11:00:00,71.52,71.65,71.08,71.14,3993.0
2025-03-04 12:00:00,2025-03-04,12:00:00,71.16,71.18,70.43,70.58,4492.0
2025-03-04 13:00:00,2025-03-04,13:00:00,70.59,70.68,70.1,70.4,4619.0
2025-03-04 14:00:00,2025-03-04,14:00:00,70.39,70.6,70.03,70.04,3543.0
2025-03-04 15:00:00,2025-03-04,15:00:00,70.05,70.97,69.98,70.84,3826.0
2025-03-04 16:00:00,2025-03-04,16:00:00,70.83,71.05,70.56,70.78,2882.0
2025-03-05 07:00:00,2025-03-05,07:00:00,70.49,71.57,70.38,71.38,2651.0
2025-03-05 08:00:00,2025-03-05,08:00:00,71.41,71.55,70.41,70.59,3611.0
2025-03-05 09:00:00,2025-03-05,09:00:00,70.57,71.83,70.57,71.31,3936.0
2025-03-05 10:00:00,2025-03-05,10:00:00,71.29,71.76,70.88,70.99,3078.0
2025-03-05 11:00:00,2025-03-05,11:00:00,70.97,71.05,70.48,70.83,1835.0
2025-03-05 12:00:00,2025-03-05,12:00:00,70.84,71.33,70.61,71.08,2266.0
2025-03-05 13:00:00,2025-03-05,13:00:00,71.09,71.2,70.43,70.62,2111.0
2025-03-05 14:00:00,2025-03-05,14:00:00,70.64,71.28,70.56,71.22,2568.0
2025-03-05 15:00:00,2025-03-05,15:00:00,71.23,71.53,70.78,70.84,3659.0
2025-03-05 16:00:00,2025-03-05,16:00:00,70.8,71.28,70.35,70.57,3396.0
2025-03-06 07:00:00,2025-03-06,07:00:00,70.54,71.4,70.52,71.03,1888.0
2025-03-06 08:00:00,2025-03-06,08:00:00,70.95,71.09,70.63,70.75,2648.0
2025-03-06 09:00:00,2025-03-06,09:00:00,70.76,70.99,70.48,70.49,2220.0
2025-03-06 10:00:00,2025-03-06,10:00:00,70.48,70.57,69.63,69.78,4802.0
2025-03-06 11:00:00,2025-03-06,11:00:00,69.79,69.81,69.46,69.56,3298.0
2025-03-06 12:00:00,2025-03-06,12:00:00,69.54,70.08,69.54,69.85,2208.0
2025-03-06 13:00:00,2025-03-06,13:00:00,69.83,70.16,69.53,69.6,2562.0
2025-03-06 14:00:00,2025-03-06,14:00:00,69.6,69.92,69.15,69.45,4487.0
2025-03-06 15:00:00,2025-03-06,15:00:00,69.45,69.77,69.3,69.66,3275.0
2025-03-06 16:00:00,2025-03-06,16:00:00,69.68,69.76,69.12,69.42,4557.0
2025-03-07 07:00:00,2025-03-07,07:00:00,69.58,69.58,69.1,69.5,1978.0
2025-03-07 08:00:00,2025-03-07,08:00:00,69.52,69.74,69.06,69.71,3758.0
2025-03-07 09:00:00,2025-03-07,09:00:00,69.71,71.53,69.53,71.35,6511.0
2025-03-07 10:00:00,2025-03-07,10:00:00,71.34,71.53,70.79,70.9,2832.0
2025-03-07 11:00:00,2025-03-07,11:00:00,70.9,71.24,70.75,70.79,1499.0
2025-03-07 12:00:00,2025-03-07,12:00:00,70.79,70.98,70.53,70.94,1822.0
2025-03-07 13:00:00,2025-03-07,13:00:00,70.95,70.99,70.4,70.54,2010.0
2025-03-07 14:00:00,2025-03-07,14:00:00,70.53,71.53,70.21,70.9,4958.0
2025-03-07 15:00:00,2025-03-07,15:00:00,70.87,71.73,70.31,70.73,4880.0
2025-03-07 16:00:00,2025-03-07,16:00:00,70.78,71.01,70.33,70.48,2736.0
2025-03-10 07:00:00,2025-03-10,07:00:00,70.73,71.19,70.31,71.03,1592.0
2025-03-10 08:00:00,2025-03-10,08:00:00,71.03,71.03,69.93,70.97,3263.0
2025-03-10 09:00:00,2025-03-10,09:00:00,71.01,72.53,70.83,72.18,4909.0
2025-03-10 10:00:00,2025-03-10,10:00:00,72.18,72.56,71.87,72.18,2885.0
2025-03-10 11:00:00,2025-03-10,11:00:00,72.16,72.34,71.79,72.02,1946.0
2025-03-10 12:00:00,2025-03-10,12:00:00,72.03,72.19,71.08,71.33,3151.0
2025-03-10 13:00:00,2025-03-10,13:00:00,71.33,71.73,71.21,71.26,2321.0
2025-03-10 14:00:00,2025-03-10,14:00:00,71.24,71.64,70.73,70.76,2939.0
2025-03-10 15:00:00,2025-03-10,15:00:00,70.76,71.26,70.7,71.14,2204.0
2025-03-10 16:00:00,2025-03-10,16:00:00,71.17,71.44,71.11,71.25,2033.0
2025-03-11 07:00:00,2025-03-11,07:00:00,71.04,71.98,70.89,71.85,1997.0
2025-03-11 08:00:00,2025-03-11,08:00:00,71.84,71.99,71.17,71.18,2421.0
2025-03-11 09:00:00,2025-03-11,09:00:00,71.17,71.38,70.89,70.96,2341.0
2025-03-11 10:00:00,2025-03-11,10:00:00,70.92,71.01,70.13,70.17,3616.0
2025-03-11 11:00:00,2025-03-11,11:00:00,70.15,70.34,69.7,69.99,2896.0
2025-03-11 12:00:00,2025-03-11,12:00:00,69.98,70.53,69.86,69.92,2271.0
2025-03-11 13:00:00,2025-03-11,13:00:00,69.92,70.47,69.81,70.34,1892.0
2025-03-11 14:00:00,2025-03-11,14:00:00,70.37,70.59,70.06,70.14,2091.0
2025-03-11 15:00:00,2025-03-11,15:00:00,70.15,70.54,69.87,70.43,1772.0
2025-03-11 16:00:00,2025-03-11,16:00:00,70.43,70.94,70.36,70.57,3316.0
2025-03-12 07:00:00,2025-03-12,07:00:00,69.97,70.64,69.76,70.59,2112.0
2025-03-12 08:00:00,2025-03-12,08:00:00,70.53,70.66,69.94,70.3,2450.0
2025-03-12 09:00:00,2025-03-12,09:00:00,70.28,70.42,69.9,70.07,1650.0
2025-03-12 10:00:00,2025-03-12,10:00:00,70.05,70.23,69.58,69.62,2870.0
2025-03-12 11:00:00,2025-03-12,11:00:00,69.64,69.87,69.58,69.63,1569.0
2025-03-12 12:00:00,2025-03-12,12:00:00,69.63,70.09,69.55,70.08,1789.0
2025-03-12 13:00:00,2025-03-12,13:00:00,70.08,70.25,69.81,70.14,1899.0
2025-03-12 14:00:00,2025-03-12,14:00:00,70.14,70.59,70.1,70.51,1840.0
2025-03-12 15:00:00,2025-03-12,15:00:00,70.51,71.98,70.33,71.8,4858.0
2025-03-12 16:00:00,2025-03-12,16:00:00,71.82,72.09,71.33,71.34,3252.0
2025-03-13 07:00:00,2025-03-13,07:00:00,71.64,71.99,70.94,71.25,2022.0
2025-03-13 08:00:00,2025-03-13,08:00:00,71.28,71.91,70.82,71.91,2725.0
2025-03-13 09:00:00,2025-03-13,09:00:00,71.91,72.22,71.57,71.89,2832.0
2025-03-13 10:00:00,2025-03-13,10:00:00,71.89,73.81,71.83,73.77,5960.0
2025-03-13 11:00:00,2025-03-13,11:00:00,73.77,73.83,73.07,73.19,2754.0
2025-03-13 12:00:00,2025-03-13,12:00:00,73.22,73.22,72.69,72.84,1963.0
2025-03-13 13:00:00,2025-03-13,13:00:00,72.88,73.68,72.72,73.43,2418.0
2025-03-13 14:00:00,2025-03-13,14:00:00,73.46,74.1,73.46,73.84,3359.0
2025-03-13 15:00:00,2025-03-13,15:00:00,73.86,73.89,72.53,72.78,3997.0
2025-03-13 16:00:00,2025-03-13,16:00:00,72.8,73.17,72.17,72.54,4047.0
2025-03-14 07:00:00,2025-03-14,07:00:00,72.7,73.08,72.29,72.51,1945.0
2025-03-14 08:00:00,2025-03-14,08:00:00,72.53,72.53,71.65,72,2776.0
2025-03-14 09:00:00,2025-03-14,09:00:00,72.02,72.72,71.73,72.6,2235.0
2025-03-14 10:00:00,2025-03-14,10:00:00,72.6,72.66,72.06,72.3,1688.0
2025-03-14 11:00:00,2025-03-14,11:00:00,72.28,74.03,72.25,73.88,3829.0
2025-03-14 12:00:00,2025-03-14,12:00:00,73.91,73.93,73.41,73.58,1491.0
2025-03-14 13:00:00,2025-03-14,13:00:00,73.54,73.72,72.73,72.93,2524.0
2025-03-14 14:00:00,2025-03-14,14:00:00,72.93,73.37,72.63,72.64,1710.0
2025-03-14 15:00:00,2025-03-14,15:00:00,72.63,73.39,72.57,73.34,1389.0
2025-03-14 16:00:00,2025-03-14,16:00:00,73.35,73.42,72.98,73.17,1416.0
2025-03-17 07:00:00,2025-03-17,07:00:00,72.65,73.27,72.45,72.92,1245.0
2025-03-17 08:00:00,2025-03-17,08:00:00,72.9,73.02,72.2,72.69,1822.0
2025-03-17 09:00:00,2025-03-17,09:00:00,72.69,72.74,72.36,72.43,1737.0
2025-03-17 10:00:00,2025-03-17,10:00:00,72.39,72.9,72.31,72.5,1648.0
2025-03-17 11:00:00,2025-03-17,11:00:00,72.5,72.59,72.15,72.15,1542.0
2025-03-17 12:00:00,2025-03-17,12:00:00,72.15,72.41,71.87,72.17,2345.0
2025-03-17 13:00:00,2025-03-17,13:00:00,72.22,72.72,72.17,72.51,2043.0
2025-03-17 14:00:00,2025-03-17,14:00:00,72.52,72.75,72.3,72.33,1247.0
2025-03-17 15:00:00,2025-03-17,15:00:00,72.32,72.53,72.17,72.33,1170.0
2025-03-17 16:00:00,2025-03-17,16:00:00,72.32,72.72,72.26,72.46,1462.0
2025-03-18 07:00:00,2025-03-18,07:00:00,72.45,72.95,72.32,72.44,1290.0
2025-03-18 08:00:00,2025-03-18,08:00:00,72.44,72.61,72.13,72.25,2127.0
2025-03-18 09:00:00,2025-03-18,09:00:00,72.25,72.4,72.1,72.36,1634.0
2025-03-18 10:00:00,2025-03-18,10:00:00,72.37,72.97,72.37,72.66,2697.0
2025-03-18 11:00:00,2025-03-18,11:00:00,72.64,72.75,72.37,72.47,1113.0
2025-03-18 12:00:00,2025-03-18,12:00:00,72.49,72.53,72.21,72.45,1746.0
2025-03-18 13:00:00,2025-03-18,13:00:00,72.45,72.93,72.29,72.81,1994.0
2025-03-18 14:00:00,2025-03-18,14:00:00,72.79,73.65,72.76,73.63,2848.0
2025-03-18 15:00:00,2025-03-18,15:00:00,73.63,74.03,73.37,73.56,4212.0
2025-03-18 16:00:00,2025-03-18,16:00:00,73.54,73.66,72.67,73.41,3761.0
2025-03-19 07:00:00,2025-03-19,07:00:00,73.78,75.13,73.78,74.6,3791.0
2025-03-19 08:00:00,2025-03-19,08:00:00,74.57,75.01,74.34,74.6,2417.0
2025-03-19 09:00:00,2025-03-19,09:00:00,74.62,75.29,74.6,75.23,2557.0
2025-03-19 10:00:00,2025-03-19,10:00:00,75.23,75.62,74.98,75.22,3169.0
2025-03-19 11:00:00,2025-03-19,11:00:00,75.24,75.32,74.98,75.08,1092.0
2025-03-19 12:00:00,2025-03-19,12:00:00,75.11,75.88,74.96,75.7,2623.0
2025-03-19 13:00:00,2025-03-19,13:00:00,75.7,76.37,75.62,75.8,3565.0
2025-03-19 14:00:00,2025-03-19,14:00:00,75.8,76.27,75.63,75.88,2120.0
2025-03-19 15:00:00,2025-03-19,15:00:00,75.86,76.48,75.78,75.81,2802.0
2025-03-19 16:00:00,2025-03-19,16:00:00,75.81,76.51,75.63,76.29,2638.0
2025-03-20 07:00:00,2025-03-20,07:00:00,76.01,76.47,75.79,76.16,2057.0
2025-03-20 08:00:00,2025-03-20,08:00:00,76.17,76.28,75.28,75.37,2794.0
2025-03-20 09:00:00,2025-03-20,09:00:00,75.38,75.9,75.33,75.78,1740.0
2025-03-20 10:00:00,2025-03-20,10:00:00,75.75,75.75,75.16,75.25,2927.0
2025-03-20 11:00:00,2025-03-20,11:00:00,75.25,75.9,75.23,75.83,1989.0
2025-03-20 12:00:00,2025-03-20,12:00:00,75.84,75.85,75.31,75.65,1376.0
2025-03-20 13:00:00,2025-03-20,13:00:00,75.64,76.02,75.45,75.76,1758.0
2025-03-20 14:00:00,2025-03-20,14:00:00,75.78,76.2,75.68,75.8,1908.0
2025-03-20 15:00:00,2025-03-20,15:00:00,75.79,75.85,75.08,75.17,2170.0
2025-03-20 16:00:00,2025-03-20,16:00:00,75.16,75.38,75.13,75.24,1917.0
2025-03-21 07:00:00,2025-03-21,07:00:00,76.28,76.44,75.86,76,3411.0
2025-03-21 08:00:00,2025-03-21,08:00:00,76.02,76.26,75.39,75.62,2081.0
2025-03-21 09:00:00,2025-03-21,09:00:00,75.63,75.7,75.33,75.38,1743.0
2025-03-21 10:00:00,2025-03-21,10:00:00,75.35,75.75,75.34,75.54,1157.0
2025-03-21 11:00:00,2025-03-21,11:00:00,75.53,75.69,75.06,75.08,1545.0
2025-03-21 12:00:00,2025-03-21,12:00:00,75.08,75.17,74.33,74.47,2917.0
2025-03-21 13:00:00,2025-03-21,13:00:00,74.47,74.61,74.26,74.48,1400.0
2025-03-21 14:00:00,2025-03-21,14:00:00,74.46,74.78,74.03,74.09,2074.0
2025-03-21 15:00:00,2025-03-21,15:00:00,74.12,74.35,73.52,73.65,2910.0
2025-03-21 16:00:00,2025-03-21,16:00:00,73.63,73.83,73.51,73.55,2713.0
2025-03-24 07:00:00,2025-03-24,07:00:00,73.58,74.2,73.27,73.78,1995.0
2025-03-24 08:00:00,2025-03-24,08:00:00,73.78,74.22,73.24,73.35,2673.0
2025-03-24 09:00:00,2025-03-24,09:00:00,73.38,73.83,73.3,73.57,1927.0
2025-03-24 10:00:00,2025-03-24,10:00:00,73.6,74.07,73.1,73.19,2683.0
2025-03-24 11:00:00,2025-03-24,11:00:00,73.19,73.41,73.03,73.38,1430.0
2025-03-24 12:00:00,2025-03-24,12:00:00,73.4,73.62,73.24,73.61,1418.0
2025-03-24 13:00:00,2025-03-24,13:00:00,73.59,73.88,73.43,73.53,1900.0
2025-03-24 14:00:00,2025-03-24,14:00:00,73.5,73.7,73.17,73.29,1823.0
2025-03-24 15:00:00,2025-03-24,15:00:00,73.29,73.68,73.21,73.61,1693.0
2025-03-24 16:00:00,2025-03-24,16:00:00,73.6,73.93,73.55,73.73,1870.0
2025-03-25 07:00:00,2025-03-25,07:00:00,73.53,73.88,73.14,73.34,1250.0
2025-03-25 08:00:00,2025-03-25,08:00:00,73.32,73.38,72.88,73.03,2107.0
2025-03-25 09:00:00,2025-03-25,09:00:00,73.04,73.62,72.92,73.43,2416.0
2025-03-25 10:00:00,2025-03-25,10:00:00,73.44,73.58,72.71,72.86,3103.0
2025-03-25 11:00:00,2025-03-25,11:00:00,72.86,72.97,72.62,72.62,1466.0
2025-03-25 12:00:00,2025-03-25,12:00:00,72.63,73.08,72.58,72.92,1412.0
2025-03-25 13:00:00,2025-03-25,13:00:00,72.95,73.38,72.95,73.36,2481.0
2025-03-25 14:00:00,2025-03-25,14:00:00,73.36,73.76,73.05,73.17,2365.0
2025-03-25 15:00:00,2025-03-25,15:00:00,73.16,73.37,73.02,73.23,1498.0
2025-03-25 16:00:00,2025-03-25,16:00:00,73.23,73.25,72.49,72.58,3255.0
2025-03-26 07:00:00,2025-03-26,07:00:00,72.55,72.77,72.16,72.23,2373.0
2025-03-26 08:00:00,2025-03-26,08:00:00,72.26,72.52,72.21,72.4,2045.0
2025-03-26 09:00:00,2025-03-26,09:00:00,72.42,72.43,72.21,72.29,2504.0
2025-03-26 10:00:00,2025-03-26,10:00:00,72.27,73.03,72.23,72.99,3292.0
2025-03-26 11:00:00,2025-03-26,11:00:00,73,73.03,72.61,72.65,1565.0
2025-03-26 12:00:00,2025-03-26,12:00:00,72.67,72.72,72.35,72.46,2117.0
2025-03-26 13:00:00,2025-03-26,13:00:00,72.46,73.62,72.44,73.53,3756.0
2025-03-26 14:00:00,2025-03-26,14:00:00,73.52,74.08,73.5,73.77,3364.0
2025-03-26 15:00:00,2025-03-26,15:00:00,73.76,73.87,72.95,73.1,2335.0
2025-03-26 16:00:00,2025-03-26,16:00:00,73.08,73.24,72.93,72.94,1801.0
2025-03-27 07:00:00,2025-03-27,07:00:00,72.83,72.86,72.16,72.63,2249.0
2025-03-27 08:00:00,2025-03-27,08:00:00,72.64,72.67,71.97,72.39,2219.0
2025-03-27 09:00:00,2025-03-27,09:00:00,72.38,72.47,71.85,72.2,3119.0
2025-03-27 10:00:00,2025-03-27,10:00:00,72.19,72.61,72.15,72.3,1900.0
2025-03-27 11:00:00,2025-03-27,11:00:00,72.25,72.28,70.76,70.85,6061.0
2025-03-27 12:00:00,2025-03-27,12:00:00,70.86,71.2,70.36,70.48,4619.0
2025-03-27 13:00:00,2025-03-27,13:00:00,70.5,70.98,70.36,70.87,2762.0
2025-03-27 14:00:00,2025-03-27,14:00:00,70.87,71.15,70.79,71,2442.0
2025-03-27 15:00:00,2025-03-27,15:00:00,71,71.37,70.83,70.87,2818.0
2025-03-27 16:00:00,2025-03-27,16:00:00,70.85,70.88,70.38,70.51,3300.0
2025-03-28 07:00:00,2025-03-28,07:00:00,70.48,70.79,70.23,70.78,1694.0
2025-03-28 08:00:00,2025-03-28,08:00:00,70.74,70.84,70.31,70.75,2033.0
2025-03-28 09:00:00,2025-03-28,09:00:00,70.81,71.43,70.73,71.03,2470.0
2025-03-28 10:00:00,2025-03-28,10:00:00,71.02,71.6,70.92,71.41,1576.0
2025-03-28 11:00:00,2025-03-28,11:00:00,71.42,71.62,71.18,71.4,1117.0
2025-03-28 12:00:00,2025-03-28,12:00:00,71.4,71.66,71.02,71.11,1179.0
2025-03-28 13:00:00,2025-03-28,13:00:00,71.09,71.48,70.83,70.88,1843.0
2025-03-28 14:00:00,2025-03-28,14:00:00,70.91,71.31,70.9,70.95,927.0
2025-03-28 15:00:00,2025-03-28,15:00:00,70.95,71.27,70.89,71.01,949.0
2025-03-28 16:00:00,2025-03-28,16:00:00,71.02,71.2,70.86,71.04,1299.0
2025-03-31 06:00:00,2025-03-31,06:00:00,70.83,71.46,70.54,71.07,1474.0
2025-03-31 07:00:00,2025-03-31,07:00:00,71.08,71.1,69.64,70.35,4516.0
2025-03-31 08:00:00,2025-03-31,08:00:00,70.35,70.65,70.13,70.58,2531.0
2025-03-31 09:00:00,2025-03-31,09:00:00,70.57,70.6,69.58,69.65,4202.0
2025-03-31 10:00:00,2025-03-31,10:00:00,69.66,69.71,69.4,69.42,2501.0
2025-03-31 11:00:00,2025-03-31,11:00:00,69.44,69.76,69.36,69.54,1720.0
2025-03-31 12:00:00,2025-03-31,12:00:00,69.52,69.83,69.45,69.65,1659.0
2025-03-31 13:00:00,2025-03-31,13:00:00,69.63,69.74,69.48,69.65,1540.0
2025-03-31 14:00:00,2025-03-31,14:00:00,69.65,70.28,69.53,70.21,2505.0
2025-03-31 15:00:00,2025-03-31,15:00:00,70.22,70.54,70.12,70.38,3078.0
2025-04-01 06:00:00,2025-04-01,06:00:00,70.26,70.67,70.2,70.46,1443.0
2025-04-01 07:00:00,2025-04-01,07:00:00,70.47,70.98,69.89,70.41,2906.0
2025-04-01 08:00:00,2025-04-01,08:00:00,70.42,70.7,70.16,70.37,2523.0
2025-04-01 09:00:00,2025-04-01,09:00:00,70.36,71.88,70.24,71.64,5290.0
2025-04-01 10:00:00,2025-04-01,10:00:00,71.63,72.11,71.59,71.93,3330.0
2025-04-01 11:00:00,2025-04-01,11:00:00,71.92,72.83,71.63,72.58,3473.0
2025-04-01 12:00:00,2025-04-01,12:00:00,72.6,73,72.11,72.36,3612.0
2025-04-01 13:00:00,2025-04-01,13:00:00,72.34,72.44,71.94,71.97,1744.0
2025-04-01 14:00:00,2025-04-01,14:00:00,71.96,72.31,71.9,72.3,1827.0
2025-04-01 15:00:00,2025-04-01,15:00:00,72.3,72.44,72.03,72.38,2022.0
2025-04-02 06:00:00,2025-04-02,06:00:00,72.28,72.63,71.98,72.27,1362.0
2025-04-02 07:00:00,2025-04-02,07:00:00,72.22,72.26,71.89,72,1828.0
2025-04-02 08:00:00,2025-04-02,08:00:00,71.98,72.31,71.72,72.28,1965.0
2025-04-02 09:00:00,2025-04-02,09:00:00,72.27,72.3,71.68,71.8,1800.0
2025-04-02 10:00:00,2025-04-02,10:00:00,71.8,72.08,71.7,71.93,1044.0
2025-04-02 11:00:00,2025-04-02,11:00:00,71.95,72.18,71.84,71.96,1012.0
2025-04-02 12:00:00,2025-04-02,12:00:00,71.96,72.06,71.36,71.38,1970.0
2025-04-02 13:00:00,2025-04-02,13:00:00,71.39,71.39,70.44,70.58,4540.0
2025-04-02 14:00:00,2025-04-02,14:00:00,70.58,70.9,70.57,70.65,2212.0
2025-04-02 15:00:00,2025-04-02,15:00:00,70.65,70.98,70.55,70.8,1969.0
2025-04-03 06:00:00,2025-04-03,06:00:00,69.74,69.76,68.82,69.28,5681.0
2025-04-03 07:00:00,2025-04-03,07:00:00,69.28,69.72,69.14,69.52,2397.0
2025-04-03 08:00:00,2025-04-03,08:00:00,69.52,69.58,69.17,69.25,2818.0
2025-04-03 09:00:00,2025-04-03,09:00:00,69.27,69.43,67.98,68.08,6099.0
2025-04-03 10:00:00,2025-04-03,10:00:00,68.08,68.48,67.99,68.42,5967.0
2025-04-03 11:00:00,2025-04-03,11:00:00,68.41,68.79,68.29,68.51,2565.0
2025-04-03 12:00:00,2025-04-03,12:00:00,68.51,68.76,68.37,68.45,2930.0
2025-04-03 13:00:00,2025-04-03,13:00:00,68.45,68.47,67.92,68.09,5221.0
2025-04-03 14:00:00,2025-04-03,14:00:00,68.08,68.43,67.91,68.36,3043.0
2025-04-03 15:00:00,2025-04-03,15:00:00,68.37,68.82,68.27,68.7,3677.0
2025-04-04 06:00:00,2025-04-04,06:00:00,68.34,68.54,67.88,68.05,1444.0
2025-04-04 07:00:00,2025-04-04,07:00:00,68.09,68.28,67.61,68.2,3202.0
2025-04-04 08:00:00,2025-04-04,08:00:00,68.2,68.28,67.32,67.33,3793.0
2025-04-04 09:00:00,2025-04-04,09:00:00,67.33,67.53,66.98,67.08,4386.0
2025-04-04 10:00:00,2025-04-04,10:00:00,67.05,67.13,65.72,65.91,7785.0
2025-04-04 11:00:00,2025-04-04,11:00:00,65.92,65.97,64.97,65.88,9075.0
2025-04-04 12:00:00,2025-04-04,12:00:00,65.88,66.45,65.15,66.22,5158.0
2025-04-04 13:00:00,2025-04-04,13:00:00,66.18,66.29,65.28,65.41,4372.0
2025-04-04 14:00:00,2025-04-04,14:00:00,65.41,65.86,65.02,65.61,4864.0
2025-04-04 15:00:00,2025-04-04,15:00:00,65.61,66.61,65.6,66.23,4583.0
2025-04-07 06:00:00,2025-04-07,06:00:00,64.78,64.78,62.94,63.12,7509.0
2025-04-07 07:00:00,2025-04-07,07:00:00,63.14,63.31,62.54,63.03,7380.0
2025-04-07 08:00:00,2025-04-07,08:00:00,62.98,63.47,62.59,63.31,5024.0
2025-04-07 09:00:00,2025-04-07,09:00:00,63.29,63.39,62.77,63.13,4112.0
2025-04-07 10:00:00,2025-04-07,10:00:00,63.12,63.78,63.12,63.66,3347.0
2025-04-07 11:00:00,2025-04-07,11:00:00,63.66,63.92,63.23,63.74,3181.0
2025-04-07 12:00:00,2025-04-07,12:00:00,63.79,64.78,63.24,64.32,4984.0
2025-04-07 13:00:00,2025-04-07,13:00:00,64.31,65.73,64.17,65.69,6829.0
2025-04-07 14:00:00,2025-04-07,14:00:00,65.67,67.52,64.98,65.68,10498.0
2025-04-07 15:00:00,2025-04-07,15:00:00,65.67,65.75,64.28,64.68,5285.0
2025-04-08 06:00:00,2025-04-08,06:00:00,65.74,65.85,64.45,64.72,2518.0
2025-04-08 07:00:00,2025-04-08,07:00:00,64.75,64.75,63.53,63.7,4538.0
2025-04-08 08:00:00,2025-04-08,08:00:00,63.66,64.02,63.12,63.84,4743.0
2025-04-08 09:00:00,2025-04-08,09:00:00,63.82,63.98,63.54,63.9,3461.0
2025-04-08 10:00:00,2025-04-08,10:00:00,63.89,64.5,63.8,64.24,2345.0
2025-04-08 11:00:00,2025-04-08,11:00:00,64.24,64.53,63.78,64.25,1900.0
2025-04-08 12:00:00,2025-04-08,12:00:00,64.27,65.13,64.19,64.86,3036.0
2025-04-08 13:00:00,2025-04-08,13:00:00,64.86,65.09,64.53,64.67,2958.0
2025-04-08 14:00:00,2025-04-08,14:00:00,64.67,65.61,64.52,64.84,4670.0
2025-04-08 15:00:00,2025-04-08,15:00:00,64.84,65.03,63.98,65.03,5027.0
2025-04-09 06:00:00,2025-04-09,06:00:00,62.93,63.32,62.58,63.26,4423.0
2025-04-09 07:00:00,2025-04-09,07:00:00,63.23,63.71,63,63.28,3208.0
2025-04-09 08:00:00,2025-04-09,08:00:00,63.33,63.44,62.78,63.33,3812.0
2025-04-09 09:00:00,2025-04-09,09:00:00,63.34,63.66,63.02,63.21,2620.0
2025-04-09 10:00:00,2025-04-09,10:00:00,63.21,63.95,63.07,63.77,4021.0
2025-04-09 11:00:00,2025-04-09,11:00:00,63.79,63.79,62.68,62.68,5500.0
2025-04-09 12:00:00,2025-04-09,12:00:00,62.68,62.97,62.35,62.96,4752.0
2025-04-09 13:00:00,2025-04-09,13:00:00,62.98,63.73,62.83,63.48,3706.0
2025-04-09 14:00:00,2025-04-09,14:00:00,63.49,63.5,62.85,63.01,2971.0
2025-04-09 15:00:00,2025-04-09,15:00:00,63.01,63.47,62.98,63.27,3386.0
2025-04-10 06:00:00,2025-04-10,06:00:00,65.78,67.54,65.78,66.43,7553.0
2025-04-10 07:00:00,2025-04-10,07:00:00,66.42,66.48,65.49,65.84,3771.0
2025-04-10 08:00:00,2025-04-10,08:00:00,65.87,66.14,65.42,65.79,2915.0
2025-04-10 09:00:00,2025-04-10,09:00:00,65.76,65.79,64.9,65.43,3741.0
2025-04-10 10:00:00,2025-04-10,10:00:00,65.43,65.77,65.18,65.68,2140.0
2025-04-10 11:00:00,2025-04-10,11:00:00,65.68,65.89,65.47,65.71,1387.0
2025-04-10 12:00:00,2025-04-10,12:00:00,65.72,65.78,65.15,65.35,2781.0
2025-04-10 13:00:00,2025-04-10,13:00:00,65.37,65.53,64.17,64.37,4945.0
2025-04-10 14:00:00,2025-04-10,14:00:00,64.39,64.78,63.96,64.37,3394.0
2025-04-10 15:00:00,2025-04-10,15:00:00,64.35,64.73,64.21,64.4,3006.0
2025-04-11 06:00:00,2025-04-11,06:00:00,65.1,65.22,64.06,65.14,2088.0
2025-04-11 07:00:00,2025-04-11,07:00:00,65.05,65.11,64.41,64.51,2298.0
2025-04-11 08:00:00,2025-04-11,08:00:00,64.52,64.54,64.11,64.31,3735.0
2025-04-11 09:00:00,2025-04-11,09:00:00,64.29,64.89,64.2,64.87,2472.0
2025-04-11 10:00:00,2025-04-11,10:00:00,64.88,66.02,64.5,65.81,3231.0
2025-04-11 11:00:00,2025-04-11,11:00:00,65.81,66.38,65.6,66.13,2813.0
2025-04-11 12:00:00,2025-04-11,12:00:00,66.11,66.78,65.83,66.11,4049.0
2025-04-11 13:00:00,2025-04-11,13:00:00,66.06,67.21,65.88,67.03,4007.0
2025-04-11 14:00:00,2025-04-11,14:00:00,67.04,67.36,66.88,67.3,3430.0
2025-04-11 15:00:00,2025-04-11,15:00:00,67.3,67.61,66.94,67.34,3030.0
2025-04-14 06:00:00,2025-04-14,06:00:00,67.5,68.2,67.43,68.16,2257.0
2025-04-14 07:00:00,2025-04-14,07:00:00,68.17,68.78,68.16,68.37,2607.0
2025-04-14 08:00:00,2025-04-14,08:00:00,68.41,68.45,67.97,68.04,2545.0
2025-04-14 09:00:00,2025-04-14,09:00:00,68.04,69.17,68.03,68.98,2777.0
2025-04-14 10:00:00,2025-04-14,10:00:00,69.03,69.17,68.53,68.83,1415.0
2025-04-14 11:00:00,2025-04-14,11:00:00,68.84,69,68.58,68.76,953.0
2025-04-14 12:00:00,2025-04-14,12:00:00,68.82,69.33,68.47,69.3,2603.0
2025-04-14 13:00:00,2025-04-14,13:00:00,69.28,69.61,69.15,69.18,3083.0
2025-04-14 14:00:00,2025-04-14,14:00:00,69.2,69.52,68.38,68.75,3458.0
2025-04-14 15:00:00,2025-04-14,15:00:00,68.76,69.23,68.62,68.84,2310.0
2025-04-15 06:00:00,2025-04-15,06:00:00,68.88,68.96,68.45,68.68,1013.0
2025-04-15 07:00:00,2025-04-15,07:00:00,68.68,69.65,68.46,69.59,2381.0
2025-04-15 08:00:00,2025-04-15,08:00:00,69.58,70.23,69.58,69.72,3194.0
2025-04-15 09:00:00,2025-04-15,09:00:00,69.73,69.88,69.53,69.66,2051.0
2025-04-15 10:00:00,2025-04-15,10:00:00,69.68,69.69,68.84,69.1,2341.0
2025-04-15 11:00:00,2025-04-15,11:00:00,69.11,69.21,68.78,68.89,1255.0
2025-04-15 12:00:00,2025-04-15,12:00:00,68.93,69.13,68.53,68.81,2061.0
2025-04-15 13:00:00,2025-04-15,13:00:00,68.82,69.22,68.03,68.23,3561.0
2025-04-15 14:00:00,2025-04-15,14:00:00,68.26,68.63,68.09,68.33,2017.0
2025-04-15 15:00:00,2025-04-15,15:00:00,68.34,68.55,68.31,68.38,1551.0
2025-04-16 06:00:00,2025-04-16,06:00:00,67.98,68.26,67.8,68.11,1621.0
2025-04-16 07:00:00,2025-04-16,07:00:00,68.14,68.87,67.81,68.51,2478.0
2025-04-16 08:00:00,2025-04-16,08:00:00,68.52,69.92,68.43,69.47,4652.0
2025-04-16 09:00:00,2025-04-16,09:00:00,69.46,69.72,69.03,69.24,1736.0
2025-04-16 10:00:00,2025-04-16,10:00:00,69.28,69.58,69.17,69.53,954.0
2025-04-16 11:00:00,2025-04-16,11:00:00,69.54,69.89,69.53,69.64,1110.0
2025-04-16 12:00:00,2025-04-16,12:00:00,69.67,69.9,69.4,69.59,2057.0
2025-04-16 13:00:00,2025-04-16,13:00:00,69.61,69.77,68.58,68.65,3014.0
2025-04-16 14:00:00,2025-04-16,14:00:00,68.64,69.12,68.63,69.02,1736.0
2025-04-16 15:00:00,2025-04-16,15:00:00,69.04,69.38,68.93,69.09,1964.0
2025-04-17 06:00:00,2025-04-17,06:00:00,69.46,69.65,68.97,69.1,1581.0
2025-04-17 07:00:00,2025-04-17,07:00:00,69.08,69.11,68.7,69.05,1663.0
2025-04-17 08:00:00,2025-04-17,08:00:00,69.03,69.08,68.7,68.7,1616.0
2025-04-17 09:00:00,2025-04-17,09:00:00,68.69,68.69,68.18,68.58,2732.0
2025-04-17 10:00:00,2025-04-17,10:00:00,68.58,68.59,68.16,68.33,1181.0
2025-04-17 11:00:00,2025-04-17,11:00:00,68.34,68.68,68.28,68.39,1031.0
2025-04-17 12:00:00,2025-04-17,12:00:00,68.36,68.65,68.18,68.5,1038.0
2025-04-17 13:00:00,2025-04-17,13:00:00,68.49,68.49,68.07,68.19,1648.0
2025-04-17 14:00:00,2025-04-17,14:00:00,68.19,68.24,67.86,68.12,1885.0
2025-04-17 15:00:00,2025-04-17,15:00:00,68.13,68.28,67.75,67.96,2141.0
2025-04-22 06:00:00,2025-04-22,06:00:00,67.38,68.01,67.31,67.83,1975.0
2025-04-22 07:00:00,2025-04-22,07:00:00,67.84,68.22,67.69,67.78,1727.0
2025-04-22 08:00:00,2025-04-22,08:00:00,67.79,67.92,66.52,66.59,3945.0
2025-04-22 09:00:00,2025-04-22,09:00:00,66.62,66.8,66.23,66.33,3173.0
2025-04-22 10:00:00,2025-04-22,10:00:00,66.36,66.46,65.89,66.2,1707.0
2025-04-22 11:00:00,2025-04-22,11:00:00,66.22,66.53,66.11,66.29,1706.0
2025-04-22 12:00:00,2025-04-22,12:00:00,66.3,66.59,66.2,66.47,1495.0
2025-04-22 13:00:00,2025-04-22,13:00:00,66.46,66.56,66.2,66.33,1253.0
2025-04-22 14:00:00,2025-04-22,14:00:00,66.34,66.78,66.26,66.67,1372.0
2025-04-22 15:00:00,2025-04-22,15:00:00,66.67,66.87,66.37,66.87,1918.0
2025-04-23 06:00:00,2025-04-23,06:00:00,67.08,67.99,67.08,67.84,1978.0
2025-04-23 07:00:00,2025-04-23,07:00:00,67.88,68.11,67.78,67.93,1652.0
2025-04-23 08:00:00,2025-04-23,08:00:00,67.96,68.73,67.69,68.65,3259.0
2025-04-23 09:00:00,2025-04-23,09:00:00,68.65,69.24,68.48,69.04,2662.0
2025-04-23 10:00:00,2025-04-23,10:00:00,69.04,69.58,69.01,69.12,3547.0
2025-04-23 11:00:00,2025-04-23,11:00:00,69.12,69.43,68.99,69.09,1635.0
2025-04-23 12:00:00,2025-04-23,12:00:00,69.1,69.15,68.7,68.88,2160.0
2025-04-23 13:00:00,2025-04-23,13:00:00,68.88,69.26,68.39,68.81,2905.0
2025-04-23 14:00:00,2025-04-23,14:00:00,68.8,69.18,68.44,69.13,2094.0
2025-04-23 15:00:00,2025-04-23,15:00:00,69.11,69.45,68.88,68.95,3527.0
2025-04-24 06:00:00,2025-04-24,06:00:00,68.8,68.89,68.09,68.53,1249.0
2025-04-24 07:00:00,2025-04-24,07:00:00,68.47,68.97,68.41,68.53,1698.0
2025-04-24 08:00:00,2025-04-24,08:00:00,68.53,68.69,67.08,67.22,4929.0
2025-04-24 09:00:00,2025-04-24,09:00:00,67.22,67.67,67.03,67.65,2640.0
2025-04-24 10:00:00,2025-04-24,10:00:00,67.65,68,67.55,67.93,1407.0
2025-04-24 11:00:00,2025-04-24,11:00:00,67.96,68.16,67.62,68.13,1628.0
2025-04-24 12:00:00,2025-04-24,12:00:00,68.16,68.38,67.83,67.84,1899.0
2025-04-24 13:00:00,2025-04-24,13:00:00,67.87,68.68,67.71,68.47,1952.0
2025-04-24 14:00:00,2025-04-24,14:00:00,68.5,68.73,68.23,68.34,2321.0
2025-04-24 15:00:00,2025-04-24,15:00:00,68.35,68.68,68.29,68.57,2296.0
2025-04-25 06:00:00,2025-04-25,06:00:00,68.74,69.28,68.58,69.23,1675.0
2025-04-25 07:00:00,2025-04-25,07:00:00,69.24,69.58,68.75,68.93,2155.0
2025-04-25 08:00:00,2025-04-25,08:00:00,68.89,68.98,68.55,68.63,1694.0
2025-04-25 09:00:00,2025-04-25,09:00:00,68.65,69.56,68.63,69.39,2649.0
2025-04-25 10:00:00,2025-04-25,10:00:00,69.4,69.91,69.29,69.34,2160.0
2025-04-25 11:00:00,2025-04-25,11:00:00,69.35,69.82,69.22,69.43,1689.0
2025-04-25 12:00:00,2025-04-25,12:00:00,69.45,69.57,69.03,69.03,1492.0
2025-04-25 13:00:00,2025-04-25,13:00:00,69.01,69.66,69.01,69.16,1909.0
2025-04-25 14:00:00,2025-04-25,14:00:00,69.15,69.33,68.58,68.99,2897.0
2025-04-25 15:00:00,2025-04-25,15:00:00,68.96,69.03,68.52,68.57,2232.0
2025-04-28 06:00:00,2025-04-28,06:00:00,68.39,68.65,67.93,68.07,1491.0
2025-04-28 07:00:00,2025-04-28,07:00:00,68.11,68.3,67.39,67.52,2408.0
2025-04-28 08:00:00,2025-04-28,08:00:00,67.52,67.68,67.32,67.51,2029.0
2025-04-28 09:00:00,2025-04-28,09:00:00,67.52,67.77,67.46,67.55,1358.0
2025-04-28 10:00:00,2025-04-28,10:00:00,67.54,67.63,67.34,67.37,1066.0
2025-04-28 11:00:00,2025-04-28,11:00:00,67.38,67.61,67,67.21,2410.0
2025-04-28 12:00:00,2025-04-28,12:00:00,67.24,68.03,67.19,67.87,2031.0
2025-04-28 13:00:00,2025-04-28,13:00:00,67.85,67.89,67.33,67.36,1815.0
2025-04-28 14:00:00,2025-04-28,14:00:00,67.36,67.78,67.08,67.65,2004.0
2025-04-28 15:00:00,2025-04-28,15:00:00,67.61,67.78,67.2,67.27,2131.0
2025-04-29 06:00:00,2025-04-29,06:00:00,67.23,67.49,66.88,67.04,1114.0
2025-04-29 07:00:00,2025-04-29,07:00:00,67.06,67.23,66.42,66.83,2587.0
2025-04-29 08:00:00,2025-04-29,08:00:00,66.81,66.97,66.51,66.86,2237.0
2025-04-29 09:00:00,2025-04-29,09:00:00,66.85,67.16,66.78,66.99,2055.0
2025-04-29 10:00:00,2025-04-29,10:00:00,66.99,67.63,66.85,67.35,2027.0
2025-04-29 11:00:00,2025-04-29,11:00:00,67.35,67.68,67.18,67.24,1974.0
2025-04-29 12:00:00,2025-04-29,12:00:00,67.25,67.53,67.01,67.06,1511.0
2025-04-29 13:00:00,2025-04-29,13:00:00,67.08,67.16,66.78,66.95,2061.0
2025-04-29 14:00:00,2025-04-29,14:00:00,66.97,67.48,66.8,67.38,2266.0
2025-04-29 15:00:00,2025-04-29,15:00:00,67.34,67.39,67.04,67.18,1910.0
2025-04-30 06:00:00,2025-04-30,06:00:00,67.18,67.28,66.8,67.24,691.0
2025-04-30 07:00:00,2025-04-30,07:00:00,67.28,67.77,67.11,67.39,2125.0
2025-04-30 08:00:00,2025-04-30,08:00:00,67.41,68.38,67.41,68.28,3377.0
2025-04-30 09:00:00,2025-04-30,09:00:00,68.28,68.38,68.03,68.29,1845.0
2025-04-30 10:00:00,2025-04-30,10:00:00,68.31,68.71,68.13,68.32,1588.0
2025-04-30 11:00:00,2025-04-30,11:00:00,68.33,68.69,68.23,68.62,1039.0
2025-04-30 12:00:00,2025-04-30,12:00:00,68.63,68.98,68.38,68.38,1917.0
2025-04-30 13:00:00,2025-04-30,13:00:00,68.36,68.93,68.21,68.44,2150.0
2025-04-30 14:00:00,2025-04-30,14:00:00,68.45,68.95,68.45,68.95,1244.0
2025-04-30 15:00:00,2025-04-30,15:00:00,68.94,69.18,68.7,68.88,2861.0
2025-05-01 06:00:00,2025-05-01,06:00:00,69.14,69.14,68.52,68.86,555.0
2025-05-01 07:00:00,2025-05-01,07:00:00,68.8,69.38,68.52,69.14,1136.0
2025-05-01 08:00:00,2025-05-01,08:00:00,69.15,69.15,68.84,69.01,661.0
2025-05-01 09:00:00,2025-05-01,09:00:00,69.02,69.62,68.95,69.49,1049.0
2025-05-01 10:00:00,2025-05-01,10:00:00,69.5,69.63,69.28,69.38,905.0
2025-05-01 11:00:00,2025-05-01,11:00:00,69.39,69.45,69.17,69.28,824.0
2025-05-01 12:00:00,2025-05-01,12:00:00,69.3,69.45,69.21,69.37,681.0
2025-05-01 13:00:00,2025-05-01,13:00:00,69.31,69.45,69.3,69.43,509.0
2025-05-01 14:00:00,2025-05-01,14:00:00,69.44,69.6,69.24,69.39,937.0
2025-05-01 15:00:00,2025-05-01,15:00:00,69.39,69.45,69.08,69.15,1172.0
2025-05-02 06:00:00,2025-05-02,06:00:00,69.35,69.62,69.06,69.48,1083.0
2025-05-02 07:00:00,2025-05-02,07:00:00,69.48,71.1,69.41,70.76,5868.0
2025-05-02 08:00:00,2025-05-02,08:00:00,70.76,71.33,70.63,71.3,3777.0
2025-05-02 09:00:00,2025-05-02,09:00:00,71.3,71.38,71.14,71.22,2375.0
2025-05-02 10:00:00,2025-05-02,10:00:00,71.24,71.36,70.97,71.03,1559.0
2025-05-02 11:00:00,2025-05-02,11:00:00,71.01,71.16,70.83,71.02,898.0
2025-05-02 12:00:00,2025-05-02,12:00:00,71.02,71.21,70.85,71.15,1084.0
2025-05-02 13:00:00,2025-05-02,13:00:00,71.14,71.37,71.05,71.24,1708.0
2025-05-02 14:00:00,2025-05-02,14:00:00,71.25,71.55,71.05,71.25,2772.0
2025-05-02 15:00:00,2025-05-02,15:00:00,71.24,71.24,70.92,71.2,2210.0
2025-05-05 06:00:00,2025-05-05,06:00:00,70.96,71.01,70.56,70.65,1012.0
2025-05-05 07:00:00,2025-05-05,07:00:00,70.63,70.94,70.33,70.46,1596.0
2025-05-05 08:00:00,2025-05-05,08:00:00,70.46,70.85,69.94,70.08,2640.0
2025-05-05 09:00:00,2025-05-05,09:00:00,70.05,70.1,69.62,69.86,2861.0
2025-05-05 10:00:00,2025-05-05,10:00:00,69.85,69.9,69.03,69.08,2331.0
2025-05-05 11:00:00,2025-05-05,11:00:00,69.06,69.28,68.98,69.12,1893.0
2025-05-05 12:00:00,2025-05-05,12:00:00,69.14,69.53,69.09,69.43,1649.0
2025-05-05 13:00:00,2025-05-05,13:00:00,69.48,69.88,69.39,69.67,1116.0
2025-05-05 14:00:00,2025-05-05,14:00:00,69.73,70.15,69.66,70.13,1386.0
2025-05-05 15:00:00,2025-05-05,15:00:00,70.14,70.14,69.63,69.93,1326.0
2025-05-06 06:00:00,2025-05-06,06:00:00,69.83,70.53,69.73,70.17,1280.0
2025-05-06 07:00:00,2025-05-06,07:00:00,70.15,70.57,70,70.45,1890.0
2025-05-06 08:00:00,2025-05-06,08:00:00,70.51,71.35,70.51,71.18,3243.0
2025-05-06 09:00:00,2025-05-06,09:00:00,71.2,71.71,71.18,71.45,3133.0
2025-05-06 10:00:00,2025-05-06,10:00:00,71.42,71.53,71.04,71.17,1605.0
2025-05-06 11:00:00,2025-05-06,11:00:00,71.15,71.41,71.04,71.1,1507.0
2025-05-06 12:00:00,2025-05-06,12:00:00,71.13,71.6,71.09,71.22,1713.0
2025-05-06 13:00:00,2025-05-06,13:00:00,71.24,71.53,71.24,71.52,1139.0
2025-05-06 14:00:00,2025-05-06,14:00:00,71.51,71.85,71.4,71.58,2329.0
2025-05-06 15:00:00,2025-05-06,15:00:00,71.59,71.96,71.46,71.82,1777.0
2025-05-07 06:00:00,2025-05-07,06:00:00,71.93,71.96,71.33,71.52,1631.0
2025-05-07 07:00:00,2025-05-07,07:00:00,71.59,72.13,71.45,71.86,2181.0
2025-05-07 08:00:00,2025-05-07,08:00:00,71.8,72.2,71.7,72.15,1616.0
2025-05-07 09:00:00,2025-05-07,09:00:00,72.12,72.94,72.1,72.77,5159.0
2025-05-07 10:00:00,2025-05-07,10:00:00,72.76,73.18,72.73,72.94,2224.0
2025-05-07 11:00:00,2025-05-07,11:00:00,72.94,73.13,72.59,72.7,1823.0
2025-05-07 12:00:00,2025-05-07,12:00:00,72.67,73.02,72.53,72.63,1834.0
2025-05-07 13:00:00,2025-05-07,13:00:00,72.64,73.68,72.57,73.48,3931.0
2025-05-07 14:00:00,2025-05-07,14:00:00,73.47,73.58,73.03,73.14,3924.0
2025-05-07 15:00:00,2025-05-07,15:00:00,73.13,73.55,73.04,73.39,3195.0
2025-05-08 06:00:00,2025-05-08,06:00:00,73.34,73.64,73.17,73.56,1478.0
2025-05-08 07:00:00,2025-05-08,07:00:00,73.63,74.04,73.56,73.56,2692.0
2025-05-08 08:00:00,2025-05-08,08:00:00,73.57,73.92,73.43,73.56,2700.0
2025-05-08 09:00:00,2025-05-08,09:00:00,73.55,73.87,73.2,73.72,2529.0
2025-05-08 10:00:00,2025-05-08,10:00:00,73.75,73.79,73.26,73.33,1469.0
2025-05-08 11:00:00,2025-05-08,11:00:00,73.33,73.48,72.68,73.18,2099.0
2025-05-08 12:00:00,2025-05-08,12:00:00,73.2,73.42,72.83,72.99,1539.0
2025-05-08 13:00:00,2025-05-08,13:00:00,72.98,73.44,72.73,73.41,2294.0
2025-05-08 14:00:00,2025-05-08,14:00:00,73.41,73.5,72.83,72.94,1629.0
2025-05-08 15:00:00,2025-05-08,15:00:00,72.93,73.45,72.85,73.28,2223.0
2025-05-09 06:00:00,2025-05-09,06:00:00,73.33,73.77,73.16,73.25,1111.0
2025-05-09 07:00:00,2025-05-09,07:00:00,73.29,73.63,72.83,72.95,1846.0
2025-05-09 08:00:00,2025-05-09,08:00:00,72.97,73.32,72.88,73.26,1541.0
2025-05-09 09:00:00,2025-05-09,09:00:00,73.28,73.5,73.02,73.23,1976.0
2025-05-09 10:00:00,2025-05-09,10:00:00,73.22,73.29,72.84,73.07,1203.0
2025-05-09 11:00:00,2025-05-09,11:00:00,73.07,73.23,72.33,72.62,2067.0
2025-05-09 12:00:00,2025-05-09,12:00:00,72.61,72.82,72.53,72.59,1307.0
2025-05-09 13:00:00,2025-05-09,13:00:00,72.58,72.68,72.41,72.52,1116.0
2025-05-09 14:00:00,2025-05-09,14:00:00,72.53,72.65,72.1,72.59,2004.0
2025-05-09 15:00:00,2025-05-09,15:00:00,72.57,72.82,72.55,72.68,1830.0
2025-05-12 06:00:00,2025-05-12,06:00:00,73.08,73.35,72.8,73.18,1418.0
2025-05-12 07:00:00,2025-05-12,07:00:00,73.22,74.38,73.22,74.07,4243.0
2025-05-12 08:00:00,2025-05-12,08:00:00,74.08,74.88,74.08,74.35,4200.0
2025-05-12 09:00:00,2025-05-12,09:00:00,74.33,75.21,74.29,74.98,3455.0
2025-05-12 10:00:00,2025-05-12,10:00:00,74.95,75.01,74.69,74.92,1688.0
2025-05-12 11:00:00,2025-05-12,11:00:00,74.9,75.01,74.69,74.92,1134.0
2025-05-12 12:00:00,2025-05-12,12:00:00,74.93,75.72,74.89,75.48,3770.0
2025-05-12 13:00:00,2025-05-12,13:00:00,75.49,75.65,75.37,75.53,3070.0
2025-05-12 14:00:00,2025-05-12,14:00:00,75.53,75.91,75.53,75.64,2758.0
2025-05-12 15:00:00,2025-05-12,15:00:00,75.65,75.83,75.43,75.5,2494.0
2025-05-13 06:00:00,2025-05-13,06:00:00,75.4,75.56,75.03,75.4,1683.0
2025-05-13 07:00:00,2025-05-13,07:00:00,75.4,76.1,75.32,75.45,3513.0
2025-05-13 08:00:00,2025-05-13,08:00:00,75.47,75.47,75.07,75.27,2061.0
2025-05-13 09:00:00,2025-05-13,09:00:00,75.25,75.32,74.5,75.03,3230.0
2025-05-13 10:00:00,2025-05-13,10:00:00,75.06,75.28,74.84,74.93,1444.0
2025-05-13 11:00:00,2025-05-13,11:00:00,74.89,75.09,74.78,74.78,1426.0
2025-05-13 12:00:00,2025-05-13,12:00:00,74.78,74.86,74.18,74.6,3067.0
2025-05-13 13:00:00,2025-05-13,13:00:00,74.59,75.72,74.59,75.72,3121.0
2025-05-13 14:00:00,2025-05-13,14:00:00,75.72,76.1,75.21,75.23,3175.0
2025-05-13 15:00:00,2025-05-13,15:00:00,75.23,75.32,74.86,75.28,2019.0
2025-05-14 06:00:00,2025-05-14,06:00:00,75.36,75.69,75.09,75.31,935.0
2025-05-14 07:00:00,2025-05-14,07:00:00,75.32,75.91,75.17,75.9,1819.0
2025-05-14 08:00:00,2025-05-14,08:00:00,75.89,75.9,75.14,75.15,1593.0
2025-05-14 09:00:00,2025-05-14,09:00:00,75.14,75.26,74.51,74.73,2649.0
2025-05-14 10:00:00,2025-05-14,10:00:00,74.73,74.82,74.5,74.82,1089.0
2025-05-14 11:00:00,2025-05-14,11:00:00,74.81,75,74.58,74.77,810.0
2025-05-14 12:00:00,2025-05-14,12:00:00,74.78,74.83,74.26,74.63,1822.0
2025-05-14 13:00:00,2025-05-14,13:00:00,74.63,74.67,73.83,74.27,3130.0
2025-05-14 14:00:00,2025-05-14,14:00:00,74.24,74.65,73.91,74.58,2128.0
2025-05-14 15:00:00,2025-05-14,15:00:00,74.57,74.72,74.34,74.34,1651.0
2025-05-15 06:00:00,2025-05-15,06:00:00,74.38,75.11,73.83,74.85,2389.0
2025-05-15 07:00:00,2025-05-15,07:00:00,74.86,74.87,74.04,74.35,2080.0
2025-05-15 08:00:00,2025-05-15,08:00:00,74.33,74.33,73.48,73.53,2872.0
2025-05-15 09:00:00,2025-05-15,09:00:00,73.52,74.36,73.52,74.33,1992.0
2025-05-15 10:00:00,2025-05-15,10:00:00,74.29,74.56,74.16,74.42,1051.0
2025-05-15 11:00:00,2025-05-15,11:00:00,74.43,74.49,74.1,74.24,838.0
2025-05-15 12:00:00,2025-05-15,12:00:00,74.21,75.13,73.95,75.05,2162.0
2025-05-15 13:00:00,2025-05-15,13:00:00,75,75.77,75,75.67,3452.0
2025-05-15 14:00:00,2025-05-15,14:00:00,75.64,75.98,75.44,75.83,2124.0
2025-05-15 15:00:00,2025-05-15,15:00:00,75.85,75.89,75.51,75.74,1996.0
2025-05-16 06:00:00,2025-05-16,06:00:00,75.73,75.74,75.31,75.73,891.0
2025-05-16 07:00:00,2025-05-16,07:00:00,75.73,75.81,75.28,75.35,1335.0
2025-05-16 08:00:00,2025-05-16,08:00:00,75.36,76.66,75.35,76.59,2833.0
2025-05-16 09:00:00,2025-05-16,09:00:00,76.59,77.3,76.43,77.12,6021.0
2025-05-16 10:00:00,2025-05-16,10:00:00,77.13,77.25,76.7,76.8,1584.0
2025-05-16 11:00:00,2025-05-16,11:00:00,76.8,76.9,76.34,76.44,1840.0
2025-05-16 12:00:00,2025-05-16,12:00:00,76.45,76.65,76.05,76.26,2091.0
2025-05-16 13:00:00,2025-05-16,13:00:00,76.23,76.44,74.85,74.85,3813.0
2025-05-16 14:00:00,2025-05-16,14:00:00,74.85,74.85,73.19,73.67,8061.0
2025-05-16 15:00:00,2025-05-16,15:00:00,73.65,73.73,73.09,73.72,3811.0
2025-05-19 06:00:00,2025-05-19,06:00:00,73.27,74.7,73.13,74.53,2415.0
2025-05-19 07:00:00,2025-05-19,07:00:00,74.54,74.74,73.11,73.35,3541.0
2025-05-19 08:00:00,2025-05-19,08:00:00,73.32,73.76,72.78,72.92,3659.0
2025-05-19 09:00:00,2025-05-19,09:00:00,72.89,72.94,71.88,72.28,5516.0
2025-05-19 10:00:00,2025-05-19,10:00:00,72.28,72.63,72.25,72.44,1294.0
2025-05-19 11:00:00,2025-05-19,11:00:00,72.47,72.65,72.18,72.19,1114.0
2025-05-19 12:00:00,2025-05-19,12:00:00,72.21,72.33,72.05,72.14,1932.0
2025-05-19 13:00:00,2025-05-19,13:00:00,72.13,72.63,72.13,72.5,2709.0
2025-05-19 14:00:00,2025-05-19,14:00:00,72.5,72.76,72.1,72.63,1997.0
2025-05-19 15:00:00,2025-05-19,15:00:00,72.62,72.98,72.55,72.67,2346.0
2025-05-20 06:00:00,2025-05-20,06:00:00,72.04,73.12,72.01,73.02,1292.0
2025-05-20 07:00:00,2025-05-20,07:00:00,73.03,73.64,72.83,73.36,2973.0
2025-05-20 08:00:00,2025-05-20,08:00:00,73.38,74.19,73.27,74.19,3064.0
2025-05-20 09:00:00,2025-05-20,09:00:00,74.2,74.21,73.6,73.94,1924.0
2025-05-20 10:00:00,2025-05-20,10:00:00,73.94,74.73,73.8,74.65,2211.0
2025-05-20 11:00:00,2025-05-20,11:00:00,74.67,75.22,74.22,74.33,3524.0
2025-05-20 12:00:00,2025-05-20,12:00:00,74.36,75.13,74.36,74.8,1705.0
2025-05-20 13:00:00,2025-05-20,13:00:00,74.8,74.93,74.34,74.92,1870.0
2025-05-20 14:00:00,2025-05-20,14:00:00,74.93,75.48,74.91,75.46,2544.0
2025-05-20 15:00:00,2025-05-20,15:00:00,75.42,75.79,75.28,75.68,2837.0
2025-05-21 06:00:00,2025-05-21,06:00:00,75.9,75.95,75.43,75.77,1349.0
2025-05-21 07:00:00,2025-05-21,07:00:00,75.78,76.15,75.11,75.34,2727.0
2025-05-21 08:00:00,2025-05-21,08:00:00,75.34,75.84,75.3,75.43,2203.0
2025-05-21 09:00:00,2025-05-21,09:00:00,75.44,75.71,75.28,75.49,1157.0
2025-05-21 10:00:00,2025-05-21,10:00:00,75.47,75.84,75.42,75.55,1432.0
2025-05-21 11:00:00,2025-05-21,11:00:00,75.55,75.85,75.43,75.71,1287.0
2025-05-21 12:00:00,2025-05-21,12:00:00,75.69,75.71,74.95,75.34,2728.0
2025-05-21 13:00:00,2025-05-21,13:00:00,75.36,75.39,74.85,74.96,1748.0
2025-05-21 14:00:00,2025-05-21,14:00:00,74.95,75.52,74.59,74.65,2140.0
2025-05-21 15:00:00,2025-05-21,15:00:00,74.65,75.19,74.58,75.02,2557.0
2025-05-22 06:00:00,2025-05-22,06:00:00,74.87,75.13,74.66,74.94,1289.0
2025-05-22 07:00:00,2025-05-22,07:00:00,74.96,75.91,74.96,75.7,2501.0
2025-05-22 08:00:00,2025-05-22,08:00:00,75.7,75.85,74.95,75.01,2245.0
2025-05-22 09:00:00,2025-05-22,09:00:00,75,75.36,74.95,74.99,1496.0
2025-05-22 10:00:00,2025-05-22,10:00:00,74.98,75.03,74.12,74.2,3647.0
2025-05-22 11:00:00,2025-05-22,11:00:00,74.2,74.64,74.03,74.39,2018.0
2025-05-22 12:00:00,2025-05-22,12:00:00,74.38,74.68,74.22,74.47,1331.0
2025-05-22 13:00:00,2025-05-22,13:00:00,74.48,75.08,74.47,74.5,1736.0
2025-05-22 14:00:00,2025-05-22,14:00:00,74.5,75.1,74.46,74.83,1383.0
2025-05-22 15:00:00,2025-05-22,15:00:00,74.84,74.98,74.26,74.49,2232.0
2025-05-23 06:00:00,2025-05-23,06:00:00,74.78,75.28,74.53,75.26,1254.0
2025-05-23 07:00:00,2025-05-23,07:00:00,75.27,75.28,74.43,74.49,1621.0
2025-05-23 08:00:00,2025-05-23,08:00:00,74.53,74.71,74.36,74.47,1508.0
2025-05-23 09:00:00,2025-05-23,09:00:00,74.47,74.6,74.2,74.52,1245.0
2025-05-23 10:00:00,2025-05-23,10:00:00,74.54,74.84,74.3,74.78,890.0
2025-05-23 11:00:00,2025-05-23,11:00:00,74.79,75.03,72.3,72.91,5999.0
2025-05-23 12:00:00,2025-05-23,12:00:00,72.87,73.3,72.28,73.25,5044.0
2025-05-23 13:00:00,2025-05-23,13:00:00,73.21,73.76,72.83,73.32,2247.0
2025-05-23 14:00:00,2025-05-23,14:00:00,73.33,74.28,73.22,74.2,1979.0
2025-05-23 15:00:00,2025-05-23,15:00:00,74.21,74.28,73.62,73.93,2107.0
2025-05-26 06:00:00,2025-05-26,06:00:00,74.28,75.57,74.28,75.29,1751.0
2025-05-26 07:00:00,2025-05-26,07:00:00,75.3,75.65,75.08,75.58,1705.0
2025-05-26 08:00:00,2025-05-26,08:00:00,75.61,75.65,75.45,75.57,1294.0
2025-05-26 09:00:00,2025-05-26,09:00:00,75.58,75.65,74.95,75.15,1787.0
2025-05-26 10:00:00,2025-05-26,10:00:00,75.14,75.31,75.03,75.31,481.0
2025-05-26 11:00:00,2025-05-26,11:00:00,75.29,75.3,74.99,75.02,438.0
2025-05-26 12:00:00,2025-05-26,12:00:00,75.02,75.1,74.58,74.63,1433.0
2025-05-26 13:00:00,2025-05-26,13:00:00,74.63,74.88,74.4,74.69,1028.0
2025-05-26 14:00:00,2025-05-26,14:00:00,74.69,75.15,74.63,75.07,893.0
2025-05-26 15:00:00,2025-05-26,15:00:00,75.08,75.46,75.02,75.28,1470.0
2025-05-27 06:00:00,2025-05-27,06:00:00,75.19,75.37,75.04,75.04,1208.0
2025-05-27 07:00:00,2025-05-27,07:00:00,75.06,75.07,74.5,74.62,1823.0
2025-05-27 08:00:00,2025-05-27,08:00:00,74.63,75.16,74.51,74.98,1823.0
2025-05-27 09:00:00,2025-05-27,09:00:00,74.99,75,74.1,74.1,2643.0
2025-05-27 10:00:00,2025-05-27,10:00:00,74.09,74.38,73.88,74.14,1825.0
2025-05-27 11:00:00,2025-05-27,11:00:00,74.14,74.19,73.74,73.81,1453.0
2025-05-27 12:00:00,2025-05-27,12:00:00,73.81,75,73.74,74.38,3226.0
2025-05-27 13:00:00,2025-05-27,13:00:00,74.34,74.42,74.05,74.19,1745.0
2025-05-27 14:00:00,2025-05-27,14:00:00,74.21,74.36,74.01,74.14,1767.0
2025-05-27 15:00:00,2025-05-27,15:00:00,74.14,74.18,73.08,73.49,3856.0
2025-05-28 06:00:00,2025-05-28,06:00:00,73.48,73.69,73.05,73.07,1701.0
2025-05-28 07:00:00,2025-05-28,07:00:00,73.09,73.82,73.05,73.73,1641.0
2025-05-28 08:00:00,2025-05-28,08:00:00,73.69,74,73.53,73.78,1546.0
2025-05-28 09:00:00,2025-05-28,09:00:00,73.79,74.93,73.74,74.91,2932.0
2025-05-28 10:00:00,2025-05-28,10:00:00,74.91,74.93,74.53,74.69,1554.0
2025-05-28 11:00:00,2025-05-28,11:00:00,74.73,74.73,74.13,74.4,1382.0
2025-05-28 12:00:00,2025-05-28,12:00:00,74.42,74.64,74.23,74.39,1325.0
2025-05-28 13:00:00,2025-05-28,13:00:00,74.41,74.8,74.17,74.36,1489.0
2025-05-28 14:00:00,2025-05-28,14:00:00,74.33,74.67,74.28,74.31,1460.0
2025-05-28 15:00:00,2025-05-28,15:00:00,74.31,74.48,74.16,74.38,1697.0
2025-05-29 06:00:00,2025-05-29,06:00:00,75.14,75.76,74.86,75.52,2480.0
2025-05-29 07:00:00,2025-05-29,07:00:00,75.52,75.63,74.82,75.15,1939.0
2025-05-29 08:00:00,2025-05-29,08:00:00,75.16,75.18,74.43,74.65,1552.0
2025-05-29 09:00:00,2025-05-29,09:00:00,74.66,74.71,74.21,74.24,1688.0
2025-05-29 10:00:00,2025-05-29,10:00:00,74.22,74.22,73.31,73.59,2863.0
2025-05-29 11:00:00,2025-05-29,11:00:00,73.59,73.93,73.59,73.84,1549.0
2025-05-29 12:00:00,2025-05-29,12:00:00,73.85,74.17,73.62,73.95,1311.0
2025-05-29 13:00:00,2025-05-29,13:00:00,73.95,73.95,73.12,73.28,3288.0
2025-05-29 14:00:00,2025-05-29,14:00:00,73.28,73.55,72.93,73.29,2288.0
2025-05-29 15:00:00,2025-05-29,15:00:00,73.29,73.32,73.03,73.08,1741.0
2025-05-30 06:00:00,2025-05-30,06:00:00,73.04,73.38,72.85,73.13,1162.0
2025-05-30 07:00:00,2025-05-30,07:00:00,73.13,73.66,73.13,73.56,1379.0
2025-05-30 08:00:00,2025-05-30,08:00:00,73.58,73.73,73.25,73.56,1394.0
2025-05-30 09:00:00,2025-05-30,09:00:00,73.59,73.81,73.09,73.7,1670.0
2025-05-30 10:00:00,2025-05-30,10:00:00,73.73,73.86,73.47,73.86,849.0
2025-05-30 11:00:00,2025-05-30,11:00:00,73.86,73.97,73.42,73.5,1075.0
2025-05-30 12:00:00,2025-05-30,12:00:00,73.44,73.86,72.53,72.78,3277.0
2025-05-30 13:00:00,2025-05-30,13:00:00,72.79,72.97,72.41,72.5,2419.0
2025-05-30 14:00:00,2025-05-30,14:00:00,72.5,73.06,72.45,72.92,1681.0
2025-05-30 15:00:00,2025-05-30,15:00:00,72.91,73.03,72.48,72.62,1890.0
2025-06-02 06:00:00,2025-06-02,06:00:00,72.29,73.03,72.29,72.92,1637.0
2025-06-02 07:00:00,2025-06-02,07:00:00,72.92,73.27,72.74,73.01,1486.0
2025-06-02 08:00:00,2025-06-02,08:00:00,73.01,74.26,73.01,73.73,3879.0
2025-06-02 09:00:00,2025-06-02,09:00:00,73.74,73.77,73.34,73.66,1995.0
2025-06-02 10:00:00,2025-06-02,10:00:00,73.64,74.42,73.63,74.08,3022.0
2025-06-02 11:00:00,2025-06-02,11:00:00,74.1,74.17,73.44,73.64,1996.0
2025-06-02 12:00:00,2025-06-02,12:00:00,73.7,73.75,73.18,73.56,2072.0
2025-06-02 13:00:00,2025-06-02,13:00:00,73.54,73.99,73.43,73.75,1872.0
2025-06-02 14:00:00,2025-06-02,14:00:00,73.75,73.75,73.1,73.15,1389.0
2025-06-02 15:00:00,2025-06-02,15:00:00,73.14,73.72,73.1,73.54,1920.0
2025-06-03 06:00:00,2025-06-03,06:00:00,73.35,73.62,73.1,73.12,1382.0
2025-06-03 07:00:00,2025-06-03,07:00:00,73.15,73.93,72.96,73.83,2230.0
2025-06-03 08:00:00,2025-06-03,08:00:00,73.81,74.07,73.6,73.81,1686.0
2025-06-03 09:00:00,2025-06-03,09:00:00,73.82,74.78,73.79,74.73,4141.0
2025-06-03 10:00:00,2025-06-03,10:00:00,74.72,75.08,74.51,74.62,2918.0
2025-06-03 11:00:00,2025-06-03,11:00:00,74.63,74.77,74.29,74.41,1300.0
2025-06-03 12:00:00,2025-06-03,12:00:00,74.41,74.82,74.15,74.81,1660.0
2025-06-03 13:00:00,2025-06-03,13:00:00,74.82,75.11,74.66,74.88,2072.0
2025-06-03 14:00:00,2025-06-03,14:00:00,74.9,75.03,74.54,74.68,1678.0
2025-06-03 15:00:00,2025-06-03,15:00:00,74.69,75.14,74.61,75.14,2153.0
2025-06-04 06:00:00,2025-06-04,06:00:00,74.76,75.23,74.76,75.07,1023.0
2025-06-04 07:00:00,2025-06-04,07:00:00,75.08,75.19,74.5,74.93,1976.0
2025-06-04 08:00:00,2025-06-04,08:00:00,74.9,75.85,74.9,75.71,4270.0
2025-06-04 09:00:00,2025-06-04,09:00:00,75.71,75.81,75.21,75.23,2125.0
2025-06-04 10:00:00,2025-06-04,10:00:00,75.22,75.39,74.97,75.33,1534.0
2025-06-04 11:00:00,2025-06-04,11:00:00,75.36,75.68,75.1,75.27,1889.0
2025-06-04 12:00:00,2025-06-04,12:00:00,75.26,75.55,74.87,75.04,2168.0
2025-06-04 13:00:00,2025-06-04,13:00:00,75.02,75.08,74.68,75.01,2170.0
2025-06-04 14:00:00,2025-06-04,14:00:00,75.01,75.05,74.61,74.88,1468.0
2025-06-04 15:00:00,2025-06-04,15:00:00,74.89,75.02,74.66,75.01,2109.0
2025-06-05 06:00:00,2025-06-05,06:00:00,74.89,75.4,74.8,75.28,846.0
2025-06-05 07:00:00,2025-06-05,07:00:00,75.31,75.66,75.2,75.66,1610.0
2025-06-05 08:00:00,2025-06-05,08:00:00,75.66,75.96,75.47,75.72,2085.0
2025-06-05 09:00:00,2025-06-05,09:00:00,75.74,75.98,75.25,75.93,2720.0
2025-06-05 10:00:00,2025-06-05,10:00:00,75.95,76.32,75.68,75.76,2667.0
2025-06-05 11:00:00,2025-06-05,11:00:00,75.74,76.05,75.62,75.89,987.0
2025-06-05 12:00:00,2025-06-05,12:00:00,75.9,76.02,75.13,75.28,3237.0
2025-06-05 13:00:00,2025-06-05,13:00:00,75.31,75.43,74.6,74.79,3748.0
2025-06-05 14:00:00,2025-06-05,14:00:00,74.81,75.35,74.61,75.14,2459.0
2025-06-05 15:00:00,2025-06-05,15:00:00,75.14,75.51,74.9,75.47,2045.0
2025-06-06 06:00:00,2025-06-06,06:00:00,75.18,75.43,75.18,75.34,611.0
2025-06-06 07:00:00,2025-06-06,07:00:00,75.37,75.37,74.9,75.13,1021.0
2025-06-06 08:00:00,2025-06-06,08:00:00,75.13,75.48,75.09,75.41,1214.0
2025-06-06 09:00:00,2025-06-06,09:00:00,75.41,75.75,75.08,75.13,1652.0
2025-06-06 10:00:00,2025-06-06,10:00:00,75.15,75.28,74.85,74.99,1079.0
2025-06-06 11:00:00,2025-06-06,11:00:00,74.99,75.16,74.93,75.09,634.0
2025-06-06 12:00:00,2025-06-06,12:00:00,75.08,75.67,75.06,75.47,1715.0
2025-06-06 13:00:00,2025-06-06,13:00:00,75.47,75.69,75.23,75.58,1365.0
2025-06-06 14:00:00,2025-06-06,14:00:00,75.58,75.98,75.37,75.74,1785.0
2025-06-06 15:00:00,2025-06-06,15:00:00,75.76,76.23,75.61,76.08,2520.0
2025-06-09 06:00:00,2025-06-09,06:00:00,76.16,76.2,75.65,75.65,795.0
2025-06-09 07:00:00,2025-06-09,07:00:00,75.69,76.18,75.52,76.11,1709.0
2025-06-09 08:00:00,2025-06-09,08:00:00,76.16,76.96,76.15,76.85,3392.0
2025-06-09 09:00:00,2025-06-09,09:00:00,76.86,77.22,76.65,77.13,2957.0
2025-06-09 10:00:00,2025-06-09,10:00:00,77.13,77.13,76.77,76.95,1834.0
2025-06-09 11:00:00,2025-06-09,11:00:00,76.96,77.02,76.53,76.93,1506.0
2025-06-09 12:00:00,2025-06-09,12:00:00,76.9,77.08,76.35,76.37,1906.0
2025-06-09 13:00:00,2025-06-09,13:00:00,76.35,76.53,75.88,76.24,2925.0
2025-06-09 14:00:00,2025-06-09,14:00:00,76.27,76.46,75.95,76.45,1578.0
2025-06-09 15:00:00,2025-06-09,15:00:00,76.48,76.63,76.18,76.42,1704.0
2025-06-10 06:00:00,2025-06-10,06:00:00,76.51,76.56,75.6,75.87,1868.0
2025-06-10 07:00:00,2025-06-10,07:00:00,75.88,76.19,75.67,75.73,2015.0
2025-06-10 08:00:00,2025-06-10,08:00:00,75.76,75.88,75.31,75.38,2334.0
2025-06-10 09:00:00,2025-06-10,09:00:00,75.38,75.42,74.8,75.18,4061.0
2025-06-10 10:00:00,2025-06-10,10:00:00,75.17,75.28,75.02,75.17,1317.0
2025-06-10 11:00:00,2025-06-10,11:00:00,75.16,75.3,74.82,75.3,2000.0
2025-06-10 12:00:00,2025-06-10,12:00:00,75.31,75.46,74.9,74.93,1775.0
2025-06-10 13:00:00,2025-06-10,13:00:00,74.91,75.21,74.82,75.08,1939.0
2025-06-10 14:00:00,2025-06-10,14:00:00,75.05,75.32,74.59,74.79,2412.0
2025-06-10 15:00:00,2025-06-10,15:00:00,74.81,75.32,74.72,75.29,1980.0
2025-06-11 06:00:00,2025-06-11,06:00:00,75.3,76.38,75.06,76.05,2600.0
2025-06-11 07:00:00,2025-06-11,07:00:00,76.05,76.56,75.84,76.5,3205.0
2025-06-11 08:00:00,2025-06-11,08:00:00,76.48,77.01,76.38,76.95,3955.0
2025-06-11 09:00:00,2025-06-11,09:00:00,76.96,77.01,76.46,76.83,3659.0
2025-06-11 10:00:00,2025-06-11,10:00:00,76.83,76.89,76.53,76.63,1920.0
2025-06-11 11:00:00,2025-06-11,11:00:00,76.65,77.08,76.57,77.04,1875.0
2025-06-11 12:00:00,2025-06-11,12:00:00,77.06,77.23,76.34,76.48,3212.0
2025-06-11 13:00:00,2025-06-11,13:00:00,76.49,76.87,76.49,76.6,1654.0
2025-06-11 14:00:00,2025-06-11,14:00:00,76.59,76.77,76.43,76.45,1326.0
2025-06-11 15:00:00,2025-06-11,15:00:00,76.44,76.87,76.4,76.8,2183.0
2025-06-12 06:00:00,2025-06-12,06:00:00,76.54,77.06,76.39,76.87,2174.0
2025-06-12 07:00:00,2025-06-12,07:00:00,76.87,77.03,76.2,76.23,2278.0
2025-06-12 08:00:00,2025-06-12,08:00:00,76.26,76.29,75.84,76.15,3012.0
2025-06-12 09:00:00,2025-06-12,09:00:00,76.15,76.19,75.76,76.05,2714.0
2025-06-12 10:00:00,2025-06-12,10:00:00,76.04,76.33,75.84,76.2,1709.0
2025-06-12 11:00:00,2025-06-12,11:00:00,76.17,76.23,75.6,75.73,2186.0
2025-06-12 12:00:00,2025-06-12,12:00:00,75.74,76.34,75.71,76.12,2052.0
2025-06-12 13:00:00,2025-06-12,13:00:00,76.15,76.59,75.93,76.49,1464.0
2025-06-12 14:00:00,2025-06-12,14:00:00,76.54,78.01,76.51,77.61,7767.0
2025-06-12 15:00:00,2025-06-12,15:00:00,77.62,78.08,77.56,77.91,3710.0
2025-06-13 06:00:00,2025-06-13,06:00:00,78.28,79.03,78.28,78.41,4140.0
2025-06-13 07:00:00,2025-06-13,07:00:00,78.42,78.78,78.18,78.46,2837.0
2025-06-13 08:00:00,2025-06-13,08:00:00,78.47,78.98,78.47,78.83,2274.0
2025-06-13 09:00:00,2025-06-13,09:00:00,78.79,78.87,78.44,78.73,3083.0
2025-06-13 10:00:00,2025-06-13,10:00:00,78.73,78.78,78.23,78.42,2291.0
2025-06-13 11:00:00,2025-06-13,11:00:00,78.42,78.5,78.1,78.36,1979.0
2025-06-13 12:00:00,2025-06-13,12:00:00,78.38,78.47,78.19,78.42,1487.0
2025-06-13 13:00:00,2025-06-13,13:00:00,78.41,78.78,78.25,78.56,2326.0
2025-06-13 14:00:00,2025-06-13,14:00:00,78.58,78.68,78.14,78.24,1865.0
2025-06-13 15:00:00,2025-06-13,15:00:00,78.2,78.39,77.86,77.95,3667.0
2025-06-16 06:00:00,2025-06-16,06:00:00,78.04,78.58,77.85,77.98,2430.0
2025-06-16 07:00:00,2025-06-16,07:00:00,77.98,78.22,77.75,77.98,1793.0
2025-06-16 08:00:00,2025-06-16,08:00:00,78,78.35,77.72,77.88,2435.0
2025-06-16 09:00:00,2025-06-16,09:00:00,77.86,77.99,77.68,77.88,1912.0
2025-06-16 10:00:00,2025-06-16,10:00:00,77.88,78.65,77.88,78.59,2430.0
2025-06-16 11:00:00,2025-06-16,11:00:00,78.62,78.75,78.2,78.35,1921.0
2025-06-16 12:00:00,2025-06-16,12:00:00,78.35,78.44,77.98,78.03,1947.0
2025-06-16 13:00:00,2025-06-16,13:00:00,78.07,78.36,77.44,77.64,2748.0
2025-06-16 14:00:00,2025-06-16,14:00:00,77.62,77.95,77.34,77.53,2773.0
2025-06-16 15:00:00,2025-06-16,15:00:00,77.53,77.77,76.97,77.33,3168.0
2025-06-17 06:00:00,2025-06-17,06:00:00,77.43,77.65,77.14,77.27,1537.0
2025-06-17 07:00:00,2025-06-17,07:00:00,77.3,77.83,77.3,77.52,1555.0
2025-06-17 08:00:00,2025-06-17,08:00:00,77.5,77.76,77.24,77.32,2023.0
2025-06-17 09:00:00,2025-06-17,09:00:00,77.32,77.46,77.03,77.12,1925.0
2025-06-17 10:00:00,2025-06-17,10:00:00,77.09,77.32,76.78,77.2,1584.0
2025-06-17 11:00:00,2025-06-17,11:00:00,77.19,77.43,77.02,77.39,798.0
2025-06-17 12:00:00,2025-06-17,12:00:00,77.4,77.72,77.32,77.53,1716.0
2025-06-17 13:00:00,2025-06-17,13:00:00,77.53,77.94,77.37,77.53,2357.0
2025-06-17 14:00:00,2025-06-17,14:00:00,77.53,77.62,76.44,76.66,4434.0
2025-06-17 15:00:00,2025-06-17,15:00:00,76.65,77.21,76.59,77.1,2396.0
2025-06-18 06:00:00,2025-06-18,06:00:00,77.13,77.33,76.83,77.08,1178.0
2025-06-18 07:00:00,2025-06-18,07:00:00,77.07,77.54,76.83,77.25,2374.0
2025-06-18 08:00:00,2025-06-18,08:00:00,77.29,77.49,76.8,76.99,2672.0
2025-06-18 09:00:00,2025-06-18,09:00:00,76.99,77.09,76.54,76.86,2868.0
2025-06-18 10:00:00,2025-06-18,10:00:00,76.87,77.12,76.7,77.02,1493.0
2025-06-18 11:00:00,2025-06-18,11:00:00,76.99,77.22,76.71,77.03,1707.0
2025-06-18 12:00:00,2025-06-18,12:00:00,77.03,77.24,76.84,77.08,2108.0
2025-06-18 13:00:00,2025-06-18,13:00:00,77.05,77.26,76.88,76.96,1671.0
2025-06-18 14:00:00,2025-06-18,14:00:00,76.97,77,76.47,76.9,3180.0
2025-06-18 15:00:00,2025-06-18,15:00:00,76.91,77.13,76.75,76.88,2066.0
2025-06-19 06:00:00,2025-06-19,06:00:00,76.88,76.98,76.69,76.83,1058.0
2025-06-19 07:00:00,2025-06-19,07:00:00,76.82,77.31,76.62,76.91,1681.0
2025-06-19 08:00:00,2025-06-19,08:00:00,76.91,77.08,76.62,76.65,1586.0
2025-06-19 09:00:00,2025-06-19,09:00:00,76.67,76.84,76.09,76.28,3118.0
2025-06-19 10:00:00,2025-06-19,10:00:00,76.27,76.27,75.56,76.05,3395.0
2025-06-19 11:00:00,2025-06-19,11:00:00,76.04,76.1,75.69,76.01,2088.0
2025-06-19 12:00:00,2025-06-19,12:00:00,76,76.06,74.85,75.08,6212.0
2025-06-19 13:00:00,2025-06-19,13:00:00,75.06,75.2,74.01,74.45,9158.0
2025-06-19 14:00:00,2025-06-19,14:00:00,74.44,75.07,74.36,75.07,3029.0
2025-06-19 15:00:00,2025-06-19,15:00:00,75.08,75.38,74.91,75.06,3808.0
2025-06-20 06:00:00,2025-06-20,06:00:00,75.14,75.5,74.66,75.02,2004.0
2025-06-20 07:00:00,2025-06-20,07:00:00,75,75.17,74.71,74.99,1594.0
2025-06-20 08:00:00,2025-06-20,08:00:00,75,75.28,74.36,74.92,2491.0
2025-06-20 09:00:00,2025-06-20,09:00:00,74.94,75.65,74.83,75.27,2315.0
2025-06-20 10:00:00,2025-06-20,10:00:00,75.28,75.48,75.15,75.36,1337.0
2025-06-20 11:00:00,2025-06-20,11:00:00,75.38,75.57,75.12,75.56,2282.0
2025-06-20 12:00:00,2025-06-20,12:00:00,75.57,75.65,75.14,75.37,1719.0
2025-06-20 13:00:00,2025-06-20,13:00:00,75.35,75.42,75.08,75.08,929.0
2025-06-20 14:00:00,2025-06-20,14:00:00,75.08,75.31,74.82,75.15,1937.0
2025-06-20 15:00:00,2025-06-20,15:00:00,75.17,75.48,75.05,75.35,2336.0
2025-06-23 06:00:00,2025-06-23,06:00:00,75.13,75.4,74.84,75.31,1689.0
2025-06-23 07:00:00,2025-06-23,07:00:00,75.3,75.78,75.08,75.5,2155.0
2025-06-23 08:00:00,2025-06-23,08:00:00,75.49,75.55,75.09,75.21,2529.0
2025-06-23 09:00:00,2025-06-23,09:00:00,75.25,75.41,74.71,74.9,3044.0
2025-06-23 10:00:00,2025-06-23,10:00:00,74.9,75.45,74.89,75.25,2127.0
2025-06-23 11:00:00,2025-06-23,11:00:00,75.28,75.4,74.97,75.19,1467.0
2025-06-23 12:00:00,2025-06-23,12:00:00,75.18,75.33,75.05,75.25,1237.0
2025-06-23 13:00:00,2025-06-23,13:00:00,75.25,75.56,75.21,75.42,2179.0
2025-06-23 14:00:00,2025-06-23,14:00:00,75.39,75.65,75.29,75.39,1712.0
2025-06-23 15:00:00,2025-06-23,15:00:00,75.43,75.77,75.41,75.6,1965.0
2025-06-24 06:00:00,2025-06-24,06:00:00,75.28,76.85,74.88,76.37,6925.0
2025-06-24 07:00:00,2025-06-24,07:00:00,76.38,76.45,75.64,75.97,4114.0
2025-06-24 08:00:00,2025-06-24,08:00:00,76,76.47,75.83,76.21,3115.0
2025-06-24 09:00:00,2025-06-24,09:00:00,76.21,76.63,76.09,76.58,2816.0
2025-06-24 10:00:00,2025-06-24,10:00:00,76.57,76.57,76.07,76.13,2041.0
2025-06-24 11:00:00,2025-06-24,11:00:00,76.13,76.27,75.9,75.98,2022.0
2025-06-24 12:00:00,2025-06-24,12:00:00,75.97,76.39,75.89,76.23,2040.0
2025-06-24 13:00:00,2025-06-24,13:00:00,76.25,76.3,75.84,75.98,2161.0
2025-06-24 14:00:00,2025-06-24,14:00:00,75.98,76.15,75.88,75.97,1548.0
2025-06-24 15:00:00,2025-06-24,15:00:00,75.96,75.97,75.38,75.5,3191.0
2025-06-25 06:00:00,2025-06-25,06:00:00,75.52,75.68,75.08,75.22,1381.0
2025-06-25 07:00:00,2025-06-25,07:00:00,75.2,75.46,75.04,75.35,1702.0
2025-06-25 08:00:00,2025-06-25,08:00:00,75.33,75.39,74.99,75.1,1571.0
2025-06-25 09:00:00,2025-06-25,09:00:00,75.1,75.13,73.58,74.16,7471.0
2025-06-25 10:00:00,2025-06-25,10:00:00,74.15,74.28,74.03,74.17,1857.0
2025-06-25 11:00:00,2025-06-25,11:00:00,74.16,74.24,73.8,74.1,2726.0
2025-06-25 12:00:00,2025-06-25,12:00:00,74.12,74.18,73.63,73.75,1765.0
2025-06-25 13:00:00,2025-06-25,13:00:00,73.73,73.78,73.28,73.39,3194.0
2025-06-25 14:00:00,2025-06-25,14:00:00,73.39,73.71,73.24,73.35,2602.0
2025-06-25 15:00:00,2025-06-25,15:00:00,73.34,73.61,73.26,73.51,2086.0
2025-06-26 06:00:00,2025-06-26,06:00:00,73.36,73.74,73.36,73.38,856.0
2025-06-26 07:00:00,2025-06-26,07:00:00,73.38,73.61,72.95,73.08,3078.0
2025-06-26 08:00:00,2025-06-26,08:00:00,73.03,73.12,72.68,72.77,2989.0
2025-06-26 09:00:00,2025-06-26,09:00:00,72.76,72.81,72.58,72.71,2899.0
2025-06-26 10:00:00,2025-06-26,10:00:00,72.71,73.22,72.68,73.17,1887.0
2025-06-26 11:00:00,2025-06-26,11:00:00,73.17,73.45,73.11,73.13,1377.0
2025-06-26 12:00:00,2025-06-26,12:00:00,73.17,73.78,72.99,73.34,2000.0
2025-06-26 13:00:00,2025-06-26,13:00:00,73.33,73.33,72.84,72.84,2224.0
2025-06-26 14:00:00,2025-06-26,14:00:00,72.84,72.98,72.54,72.76,2452.0
2025-06-26 15:00:00,2025-06-26,15:00:00,72.75,72.77,72.54,72.71,1594.0
2025-06-27 06:00:00,2025-06-27,06:00:00,72.7,73.08,72.57,72.82,1092.0
2025-06-27 07:00:00,2025-06-27,07:00:00,72.86,72.96,72.4,72.6,2206.0
2025-06-27 08:00:00,2025-06-27,08:00:00,72.61,72.86,72.39,72.79,2213.0
2025-06-27 09:00:00,2025-06-27,09:00:00,72.81,73.25,72.55,73.03,2835.0
2025-06-27 10:00:00,2025-06-27,10:00:00,73.03,73.2,72.88,73.18,1012.0
2025-06-27 11:00:00,2025-06-27,11:00:00,73.19,73.42,72.93,72.95,1754.0
2025-06-27 12:00:00,2025-06-27,12:00:00,72.92,73.07,72.71,73.07,1682.0
2025-06-27 13:00:00,2025-06-27,13:00:00,73.07,73.26,72.88,73.1,1261.0
2025-06-27 14:00:00,2025-06-27,14:00:00,73.12,73.3,72.88,73.29,1196.0
2025-06-27 15:00:00,2025-06-27,15:00:00,73.3,73.42,73.13,73.27,2279.0
2025-06-30 06:00:00,2025-06-30,06:00:00,73.31,73.36,72.96,73.28,799.0
2025-06-30 07:00:00,2025-06-30,07:00:00,73.24,73.3,72.34,72.47,1716.0
2025-06-30 08:00:00,2025-06-30,08:00:00,72.44,72.7,71.93,72.03,3830.0
2025-06-30 09:00:00,2025-06-30,09:00:00,72.02,72.19,71.34,71.37,4279.0
2025-06-30 10:00:00,2025-06-30,10:00:00,71.37,71.72,71.33,71.41,1610.0
2025-06-30 11:00:00,2025-06-30,11:00:00,71.42,71.78,71.41,71.41,1778.0
2025-06-30 12:00:00,2025-06-30,12:00:00,71.41,71.68,71.39,71.55,1359.0
2025-06-30 13:00:00,2025-06-30,13:00:00,71.55,71.83,71.45,71.49,1784.0
2025-06-30 14:00:00,2025-06-30,14:00:00,71.51,71.53,70.99,71.13,3797.0
2025-06-30 15:00:00,2025-06-30,15:00:00,71.1,71.62,71.08,71.38,1826.0
2025-07-01 06:00:00,2025-07-01,06:00:00,71.39,71.73,71.25,71.29,820.0
2025-07-01 07:00:00,2025-07-01,07:00:00,71.27,71.59,71.18,71.49,1676.0
2025-07-01 08:00:00,2025-07-01,08:00:00,71.47,72.23,71.41,72.18,2582.0
2025-07-01 09:00:00,2025-07-01,09:00:00,72.17,72.67,72.14,72.49,2609.0
2025-07-01 10:00:00,2025-07-01,10:00:00,72.47,72.77,72.45,72.54,1565.0
2025-07-01 11:00:00,2025-07-01,11:00:00,72.53,73.07,72.45,72.97,1509.0
2025-07-01 12:00:00,2025-07-01,12:00:00,72.96,73.08,72.85,72.93,1294.0
2025-07-01 13:00:00,2025-07-01,13:00:00,72.88,72.95,72.28,72.31,2545.0
2025-07-01 14:00:00,2025-07-01,14:00:00,72.31,72.57,72.07,72.55,2182.0
2025-07-01 15:00:00,2025-07-01,15:00:00,72.57,73.17,72.55,73.02,2041.0
2025-07-02 06:00:00,2025-07-02,06:00:00,72.87,74.02,72.83,73.86,2037.0
2025-07-02 07:00:00,2025-07-02,07:00:00,73.86,74.2,73.67,74.17,1851.0
2025-07-02 08:00:00,2025-07-02,08:00:00,74.17,74.36,74.05,74.3,1681.0
2025-07-02 09:00:00,2025-07-02,09:00:00,74.29,74.57,74.11,74.49,1967.0
2025-07-02 10:00:00,2025-07-02,10:00:00,74.49,74.55,74.23,74.47,1110.0
2025-07-02 11:00:00,2025-07-02,11:00:00,74.48,74.5,74.24,74.33,1169.0
2025-07-02 12:00:00,2025-07-02,12:00:00,74.34,74.41,73.93,74.07,1867.0
2025-07-02 13:00:00,2025-07-02,13:00:00,74.06,74.11,73.74,73.9,1574.0
2025-07-02 14:00:00,2025-07-02,14:00:00,73.9,74.03,73.65,74.02,1370.0
2025-07-02 15:00:00,2025-07-02,15:00:00,73.98,74.31,73.79,73.87,2574.0
2025-07-03 06:00:00,2025-07-03,06:00:00,73.98,74.21,73.72,73.76,898.0
2025-07-03 07:00:00,2025-07-03,07:00:00,73.77,73.95,73.48,73.56,1362.0
2025-07-03 08:00:00,2025-07-03,08:00:00,73.57,73.86,73.34,73.58,2168.0
2025-07-03 09:00:00,2025-07-03,09:00:00,73.57,74.92,73.57,74.71,3279.0
2025-07-03 10:00:00,2025-07-03,10:00:00,74.73,75.04,74.58,74.98,1742.0
2025-07-03 11:00:00,2025-07-03,11:00:00,74.95,75.01,74.46,74.52,892.0
2025-07-03 12:00:00,2025-07-03,12:00:00,74.53,75.07,74.49,74.77,1503.0
2025-07-03 13:00:00,2025-07-03,13:00:00,74.76,74.86,74.59,74.73,1296.0
2025-07-03 14:00:00,2025-07-03,14:00:00,74.72,74.87,74.19,74.6,1215.0
2025-07-03 15:00:00,2025-07-03,15:00:00,74.59,74.64,74.19,74.61,1364.0
2025-07-04 06:00:00,2025-07-04,06:00:00,74.6,74.6,74.08,74.08,536.0
2025-07-04 07:00:00,2025-07-04,07:00:00,74.1,74.37,73.94,74.03,1128.0
2025-07-04 08:00:00,2025-07-04,08:00:00,74.04,74.28,73.63,73.93,1793.0
2025-07-04 09:00:00,2025-07-04,09:00:00,73.91,74.08,73.85,73.86,976.0
2025-07-04 10:00:00,2025-07-04,10:00:00,73.87,74,73.76,73.99,536.0
2025-07-04 11:00:00,2025-07-04,11:00:00,73.96,74.05,73.68,73.76,874.0
2025-07-04 12:00:00,2025-07-04,12:00:00,73.74,73.83,73.53,73.81,1522.0
2025-07-04 13:00:00,2025-07-04,13:00:00,73.82,74.17,73.79,73.92,1047.0
2025-07-04 14:00:00,2025-07-04,14:00:00,73.9,74.03,73.83,74,816.0
2025-07-04 15:00:00,2025-07-04,15:00:00,74.01,74.06,73.74,73.78,1201.0
2025-07-07 06:00:00,2025-07-07,06:00:00,73.98,74.27,73.28,73.33,1612.0
2025-07-07 07:00:00,2025-07-07,07:00:00,73.34,73.43,73.05,73.4,1615.0
2025-07-07 08:00:00,2025-07-07,08:00:00,73.41,73.63,73.28,73.3,1760.0
2025-07-07 09:00:00,2025-07-07,09:00:00,73.31,73.6,73.28,73.51,1061.0
2025-07-07 10:00:00,2025-07-07,10:00:00,73.51,73.54,72.97,73.07,1232.0
2025-07-07 11:00:00,2025-07-07,11:00:00,73.08,73.16,72.9,73.05,1053.0
2025-07-07 12:00:00,2025-07-07,12:00:00,73.08,73.62,73,73.4,1372.0
2025-07-07 13:00:00,2025-07-07,13:00:00,73.4,73.81,73.32,73.73,1332.0
2025-07-07 14:00:00,2025-07-07,14:00:00,73.72,73.73,73.33,73.4,971.0
2025-07-07 15:00:00,2025-07-07,15:00:00,73.43,73.78,73.41,73.68,1898.0
2025-07-08 06:00:00,2025-07-08,06:00:00,73.5,73.62,73.06,73.07,1228.0
2025-07-08 07:00:00,2025-07-08,07:00:00,73.06,73.29,72.95,73.16,1539.0
2025-07-08 08:00:00,2025-07-08,08:00:00,73.16,73.31,72.91,72.96,1985.0
2025-07-08 09:00:00,2025-07-08,09:00:00,72.97,73.71,72.96,73.44,2252.0
2025-07-08 10:00:00,2025-07-08,10:00:00,73.43,73.74,73.34,73.46,1060.0
2025-07-08 11:00:00,2025-07-08,11:00:00,73.47,73.48,72.98,73.09,1389.0
2025-07-08 12:00:00,2025-07-08,12:00:00,73.1,73.12,72.73,72.9,1816.0
2025-07-08 13:00:00,2025-07-08,13:00:00,72.9,73.18,72.85,73.07,1424.0
2025-07-08 14:00:00,2025-07-08,14:00:00,73.1,73.23,72.78,72.78,1351.0
2025-07-08 15:00:00,2025-07-08,15:00:00,72.8,72.91,72.56,72.7,2867.0
2025-07-09 06:00:00,2025-07-09,06:00:00,72.73,73.01,72.57,72.62,841.0
2025-07-09 07:00:00,2025-07-09,07:00:00,72.62,72.65,72.17,72.4,2279.0
2025-07-09 08:00:00,2025-07-09,08:00:00,72.43,73.03,72.43,72.85,1644.0
2025-07-09 09:00:00,2025-07-09,09:00:00,72.84,73.14,72.75,73.05,1205.0
2025-07-09 10:00:00,2025-07-09,10:00:00,73.03,73.03,72.58,72.87,1344.0
2025-07-09 11:00:00,2025-07-09,11:00:00,72.87,73.32,72.78,73.3,1522.0
2025-07-09 12:00:00,2025-07-09,12:00:00,73.29,73.36,72.78,72.99,1514.0
2025-07-09 13:00:00,2025-07-09,13:00:00,72.97,73.03,72.63,72.7,1162.0
2025-07-09 14:00:00,2025-07-09,14:00:00,72.68,72.86,72.58,72.83,997.0
2025-07-09 15:00:00,2025-07-09,15:00:00,72.83,72.93,72.63,72.83,1293.0
2025-07-10 06:00:00,2025-07-10,06:00:00,72.65,73.15,72.59,73.08,826.0
2025-07-10 07:00:00,2025-07-10,07:00:00,73.06,73.52,72.94,73.27,1752.0
2025-07-10 08:00:00,2025-07-10,08:00:00,73.26,73.83,73.17,73.54,3166.0
2025-07-10 09:00:00,2025-07-10,09:00:00,73.55,73.58,73.13,73.14,1644.0
2025-07-10 10:00:00,2025-07-10,10:00:00,73.14,73.21,72.78,73.08,1476.0
2025-07-10 11:00:00,2025-07-10,11:00:00,73.07,73.13,72.9,72.94,920.0
2025-07-10 12:00:00,2025-07-10,12:00:00,72.96,73.62,72.9,73.44,1457.0
2025-07-10 13:00:00,2025-07-10,13:00:00,73.43,73.43,73.04,73.17,912.0
2025-07-10 14:00:00,2025-07-10,14:00:00,73.16,73.26,72.89,72.89,1134.0
2025-07-10 15:00:00,2025-07-10,15:00:00,72.89,73.23,72.8,72.98,1483.0
2025-07-11 06:00:00,2025-07-11,06:00:00,72.88,73,72.63,72.63,1087.0
2025-07-11 07:00:00,2025-07-11,07:00:00,72.65,72.65,72.23,72.33,2862.0
2025-07-11 08:00:00,2025-07-11,08:00:00,72.33,72.45,71.92,72.32,3113.0
2025-07-11 09:00:00,2025-07-11,09:00:00,72.37,73.28,72.15,73.18,3188.0
2025-07-11 10:00:00,2025-07-11,10:00:00,73.17,73.22,72.27,72.37,1795.0
2025-07-11 11:00:00,2025-07-11,11:00:00,72.38,72.85,72.37,72.79,910.0
2025-07-11 12:00:00,2025-07-11,12:00:00,72.79,72.9,72.55,72.76,1298.0
2025-07-11 13:00:00,2025-07-11,13:00:00,72.76,72.97,72.72,72.86,1011.0
2025-07-11 14:00:00,2025-07-11,14:00:00,72.86,72.96,72.68,72.81,1325.0
2025-07-11 15:00:00,2025-07-11,15:00:00,72.81,72.93,72.76,72.77,1239.0
2025-07-14 06:00:00,2025-07-14,06:00:00,72.38,72.73,71.8,72.09,2658.0
2025-07-14 07:00:00,2025-07-14,07:00:00,72.09,73.16,71.92,73.09,3424.0
2025-07-14 08:00:00,2025-07-14,08:00:00,73.09,73.67,72.91,73.34,3522.0
2025-07-14 09:00:00,2025-07-14,09:00:00,73.34,73.55,73.2,73.36,1679.0
2025-07-14 10:00:00,2025-07-14,10:00:00,73.37,73.42,73.13,73.23,1334.0
2025-07-14 11:00:00,2025-07-14,11:00:00,73.23,73.23,72.74,72.79,1941.0
2025-07-14 12:00:00,2025-07-14,12:00:00,72.79,73.03,72.76,72.77,1317.0
2025-07-14 13:00:00,2025-07-14,13:00:00,72.76,72.92,72.6,72.82,1532.0
2025-07-14 14:00:00,2025-07-14,14:00:00,72.83,72.9,72.54,72.64,1235.0
2025-07-14 15:00:00,2025-07-14,15:00:00,72.64,72.8,72.55,72.58,1869.0
2025-07-15 06:00:00,2025-07-15,06:00:00,72.58,72.7,72.46,72.49,969.0
2025-07-15 07:00:00,2025-07-15,07:00:00,72.49,72.8,72.27,72.72,1725.0
2025-07-15 08:00:00,2025-07-15,08:00:00,72.72,73.08,72.62,72.73,1674.0
2025-07-15 09:00:00,2025-07-15,09:00:00,72.75,72.92,72.56,72.6,1143.0
2025-07-15 10:00:00,2025-07-15,10:00:00,72.59,72.79,72.5,72.73,964.0
2025-07-15 11:00:00,2025-07-15,11:00:00,72.73,72.88,72.68,72.85,783.0
2025-07-15 12:00:00,2025-07-15,12:00:00,72.86,73.01,72.8,72.94,941.0
2025-07-15 13:00:00,2025-07-15,13:00:00,72.93,73.15,72.72,73,1533.0
2025-07-15 14:00:00,2025-07-15,14:00:00,72.98,73.78,72.97,73.66,2891.0
2025-07-15 15:00:00,2025-07-15,15:00:00,73.66,73.93,73.43,73.53,2980.0
2025-07-16 06:00:00,2025-07-16,06:00:00,73.56,73.7,73.35,73.54,1134.0
2025-07-16 07:00:00,2025-07-16,07:00:00,73.54,73.66,73.25,73.39,1103.0
2025-07-16 08:00:00,2025-07-16,08:00:00,73.42,73.53,73.12,73.16,1202.0
2025-07-16 09:00:00,2025-07-16,09:00:00,73.17,73.77,73.17,73.54,1634.0
2025-07-16 10:00:00,2025-07-16,10:00:00,73.54,73.74,73.34,73.37,792.0
2025-07-16 11:00:00,2025-07-16,11:00:00,73.38,74.37,73.33,74.18,2349.0
2025-07-16 12:00:00,2025-07-16,12:00:00,74.18,74.67,74.04,74.16,3366.0
2025-07-16 13:00:00,2025-07-16,13:00:00,74.15,74.34,73.82,73.92,1504.0
2025-07-16 14:00:00,2025-07-16,14:00:00,73.93,74.04,73.78,73.86,942.0
2025-07-16 15:00:00,2025-07-16,15:00:00,73.87,73.91,73.24,73.38,2393.0
2025-07-17 06:00:00,2025-07-17,06:00:00,73.44,73.58,73.24,73.43,1043.0
2025-07-17 07:00:00,2025-07-17,07:00:00,73.43,73.67,73.12,73.32,1539.0
2025-07-17 08:00:00,2025-07-17,08:00:00,73.31,73.56,73.1,73.23,1678.0
2025-07-17 09:00:00,2025-07-17,09:00:00,73.19,73.23,72.7,72.75,2585.0
2025-07-17 10:00:00,2025-07-17,10:00:00,72.73,72.75,72.6,72.62,1459.0
2025-07-17 11:00:00,2025-07-17,11:00:00,72.62,72.84,72.61,72.8,1069.0
2025-07-17 12:00:00,2025-07-17,12:00:00,72.79,72.95,72.68,72.74,1588.0
2025-07-17 13:00:00,2025-07-17,13:00:00,72.75,72.92,72.63,72.84,1182.0
2025-07-17 14:00:00,2025-07-17,14:00:00,72.84,73.12,72.82,72.97,1097.0
2025-07-17 15:00:00,2025-07-17,15:00:00,72.97,73,72.7,72.78,2010.0
2025-07-18 06:00:00,2025-07-18,06:00:00,72.83,73.18,72.83,73.06,552.0
2025-07-18 07:00:00,2025-07-18,07:00:00,73.03,73.31,72.78,72.95,1157.0
2025-07-18 08:00:00,2025-07-18,08:00:00,72.97,73.08,72.49,72.67,2090.0
2025-07-18 09:00:00,2025-07-18,09:00:00,72.68,72.96,72.63,72.92,972.0
2025-07-18 10:00:00,2025-07-18,10:00:00,72.92,73,72.83,72.92,756.0
2025-07-18 11:00:00,2025-07-18,11:00:00,72.93,73.03,72.8,72.93,809.0
2025-07-18 12:00:00,2025-07-18,12:00:00,72.95,73.02,72.89,72.93,1011.0
2025-07-18 13:00:00,2025-07-18,13:00:00,72.92,72.97,72.57,72.62,1551.0
2025-07-18 14:00:00,2025-07-18,14:00:00,72.63,72.78,72.13,72.27,2936.0
2025-07-18 15:00:00,2025-07-18,15:00:00,72.27,72.65,72.12,72.6,2592.0
2025-07-21 06:00:00,2025-07-21,06:00:00,72.4,72.71,72.28,72.6,863.0
2025-07-21 07:00:00,2025-07-21,07:00:00,72.6,72.72,72.13,72.2,2109.0
2025-07-21 08:00:00,2025-07-21,08:00:00,72.19,72.83,72.19,72.51,1832.0
2025-07-21 09:00:00,2025-07-21,09:00:00,72.48,72.63,72.14,72.28,2065.0
2025-07-21 10:00:00,2025-07-21,10:00:00,72.28,72.56,72.28,72.3,925.0
2025-07-21 11:00:00,2025-07-21,11:00:00,72.29,72.47,72.19,72.28,1117.0
2025-07-21 12:00:00,2025-07-21,12:00:00,72.28,72.74,72.27,72.59,1439.0
2025-07-21 13:00:00,2025-07-21,13:00:00,72.58,72.61,72.24,72.33,1199.0
2025-07-21 14:00:00,2025-07-21,14:00:00,72.33,72.35,72.03,72.06,1806.0
2025-07-21 15:00:00,2025-07-21,15:00:00,72.08,72.21,72,72.03,1899.0
2025-07-22 06:00:00,2025-07-22,06:00:00,72.19,72.19,71.8,71.8,1282.0
2025-07-22 07:00:00,2025-07-22,07:00:00,71.8,71.98,71.78,71.93,1601.0
2025-07-22 08:00:00,2025-07-22,08:00:00,71.93,72.05,71.85,71.89,1169.0
2025-07-22 09:00:00,2025-07-22,09:00:00,71.88,72.04,71.7,71.83,2213.0
2025-07-22 10:00:00,2025-07-22,10:00:00,71.83,71.85,71.38,71.43,3015.0
2025-07-22 11:00:00,2025-07-22,11:00:00,71.4,71.53,71.36,71.38,1399.0
2025-07-22 12:00:00,2025-07-22,12:00:00,71.38,71.48,71.14,71.38,3128.0
2025-07-22 13:00:00,2025-07-22,13:00:00,71.38,71.71,71.37,71.55,1167.0
2025-07-22 14:00:00,2025-07-22,14:00:00,71.56,71.67,71.18,71.21,1381.0
2025-07-22 15:00:00,2025-07-22,15:00:00,71.21,71.59,71.16,71.54,1301.0
2025-07-23 06:00:00,2025-07-23,06:00:00,71.62,71.91,71.38,71.67,1178.0
2025-07-23 07:00:00,2025-07-23,07:00:00,71.67,72.02,71.66,71.92,981.0
2025-07-23 08:00:00,2025-07-23,08:00:00,71.93,72.18,71.8,71.95,1834.0
2025-07-23 09:00:00,2025-07-23,09:00:00,71.94,72.27,71.88,72.06,1910.0
2025-07-23 10:00:00,2025-07-23,10:00:00,72.06,72.17,71.81,71.91,912.0
2025-07-23 11:00:00,2025-07-23,11:00:00,71.9,71.9,71.51,71.59,1273.0
2025-07-23 12:00:00,2025-07-23,12:00:00,71.58,71.77,71.43,71.55,1588.0
2025-07-23 13:00:00,2025-07-23,13:00:00,71.56,71.64,71.28,71.34,1768.0
2025-07-23 14:00:00,2025-07-23,14:00:00,71.36,71.72,71.3,71.65,1921.0
2025-07-23 15:00:00,2025-07-23,15:00:00,71.64,72.2,71.52,72.07,2280.0
2025-07-24 06:00:00,2025-07-24,06:00:00,72.11,72.77,71.98,72.38,2727.0
2025-07-24 07:00:00,2025-07-24,07:00:00,72.35,72.48,71.97,72,1671.0
2025-07-24 08:00:00,2025-07-24,08:00:00,72.01,72.02,71.61,71.79,2503.0
2025-07-24 09:00:00,2025-07-24,09:00:00,71.79,72.04,71.6,71.71,1390.0
2025-07-24 10:00:00,2025-07-24,10:00:00,71.7,71.71,71.51,71.67,1383.0
2025-07-24 11:00:00,2025-07-24,11:00:00,71.68,72.02,71.65,71.92,1484.0
2025-07-24 12:00:00,2025-07-24,12:00:00,71.95,72.43,71.78,72.41,1878.0
2025-07-24 13:00:00,2025-07-24,13:00:00,72.41,72.91,72.05,72.7,3054.0
2025-07-24 14:00:00,2025-07-24,14:00:00,72.7,73.03,72.68,73.01,2751.0
2025-07-24 15:00:00,2025-07-24,15:00:00,73.02,73.46,72.92,73.33,4314.0
2025-07-25 06:00:00,2025-07-25,06:00:00,73.39,73.48,72.99,73.27,1050.0
2025-07-25 07:00:00,2025-07-25,07:00:00,73.27,73.31,72.94,72.97,1225.0
2025-07-25 08:00:00,2025-07-25,08:00:00,72.96,73.43,72.92,73.28,1195.0
2025-07-25 09:00:00,2025-07-25,09:00:00,73.29,73.47,73.15,73.22,1317.0
2025-07-25 10:00:00,2025-07-25,10:00:00,73.24,73.3,73.08,73.29,656.0
2025-07-25 11:00:00,2025-07-25,11:00:00,73.28,73.33,73.15,73.23,656.0
2025-07-25 12:00:00,2025-07-25,12:00:00,73.24,73.78,73.24,73.34,2610.0
2025-07-25 13:00:00,2025-07-25,13:00:00,73.34,73.65,73.22,73.53,1083.0
2025-07-25 14:00:00,2025-07-25,14:00:00,73.58,73.77,73.29,73.58,1178.0
2025-07-25 15:00:00,2025-07-25,15:00:00,73.59,73.77,73.38,73.68,1675.0
2025-07-28 06:00:00,2025-07-28,06:00:00,73.78,74.53,73.78,74.19,3240.0
2025-07-28 07:00:00,2025-07-28,07:00:00,74.19,74.41,73.77,73.79,1642.0
2025-07-28 08:00:00,2025-07-28,08:00:00,73.79,73.87,73.34,73.45,2936.0
2025-07-28 09:00:00,2025-07-28,09:00:00,73.44,73.64,73.18,73.43,1722.0
2025-07-28 10:00:00,2025-07-28,10:00:00,73.41,73.43,72.7,72.87,2161.0
2025-07-28 11:00:00,2025-07-28,11:00:00,72.86,72.92,72.58,72.75,1383.0
2025-07-28 12:00:00,2025-07-28,12:00:00,72.75,72.92,72.34,72.54,2804.0
2025-07-28 13:00:00,2025-07-28,13:00:00,72.55,72.91,72.39,72.87,2360.0
2025-07-28 14:00:00,2025-07-28,14:00:00,72.86,73.01,72.65,72.81,1598.0
2025-07-28 15:00:00,2025-07-28,15:00:00,72.79,73.38,72.75,73.1,1722.0
2025-07-29 06:00:00,2025-07-29,06:00:00,73.01,73.23,72.68,72.96,1540.0
2025-07-29 07:00:00,2025-07-29,07:00:00,72.96,73.38,72.74,72.83,1462.0
2025-07-29 08:00:00,2025-07-29,08:00:00,72.84,73.5,72.82,73.46,2378.0
2025-07-29 09:00:00,2025-07-29,09:00:00,73.46,74.04,73.46,73.76,2517.0
2025-07-29 10:00:00,2025-07-29,10:00:00,73.78,74.49,73.76,74.41,3306.0
2025-07-29 11:00:00,2025-07-29,11:00:00,74.4,74.52,74.24,74.34,2223.0
2025-07-29 12:00:00,2025-07-29,12:00:00,74.33,74.86,74.33,74.5,3528.0
2025-07-29 13:00:00,2025-07-29,13:00:00,74.53,74.99,74.48,74.99,2931.0
2025-07-29 14:00:00,2025-07-29,14:00:00,74.97,75.53,74.97,75.38,4377.0
2025-07-29 15:00:00,2025-07-29,15:00:00,75.37,75.58,75.27,75.54,2480.0
2025-07-30 06:00:00,2025-07-30,06:00:00,75.46,75.63,75.23,75.34,1750.0
2025-07-30 07:00:00,2025-07-30,07:00:00,75.31,75.38,75.13,75.18,1248.0
2025-07-30 08:00:00,2025-07-30,08:00:00,75.15,75.33,74.93,75.06,1725.0
2025-07-30 09:00:00,2025-07-30,09:00:00,75.06,75.09,74.8,74.99,1538.0
2025-07-30 10:00:00,2025-07-30,10:00:00,75.02,75.33,74.95,75.19,1128.0
2025-07-30 11:00:00,2025-07-30,11:00:00,75.19,75.28,74.98,75.01,831.0
2025-07-30 12:00:00,2025-07-30,12:00:00,75.05,75.58,75,75.44,1551.0
2025-07-30 13:00:00,2025-07-30,13:00:00,75.43,75.5,75.25,75.36,1416.0
2025-07-30 14:00:00,2025-07-30,14:00:00,75.36,75.36,74.95,74.98,1290.0
2025-07-30 15:00:00,2025-07-30,15:00:00,75,75.28,74.95,75.15,1463.0
2025-07-31 06:00:00,2025-07-31,06:00:00,74.92,75.09,74.52,74.62,1297.0
2025-07-31 07:00:00,2025-07-31,07:00:00,74.6,74.88,74.5,74.68,1432.0
2025-07-31 08:00:00,2025-07-31,08:00:00,74.65,75.35,74.64,75.11,2360.0
2025-07-31 09:00:00,2025-07-31,09:00:00,75.11,75.28,74.96,75.27,2274.0
2025-07-31 10:00:00,2025-07-31,10:00:00,75.27,75.34,74.98,75.11,1683.0
2025-07-31 11:00:00,2025-07-31,11:00:00,75.12,75.18,74.85,74.88,1489.0
2025-07-31 12:00:00,2025-07-31,12:00:00,74.9,75.28,74.79,75.04,1466.0
2025-07-31 13:00:00,2025-07-31,13:00:00,75.05,75.18,74.94,75.03,830.0
2025-07-31 14:00:00,2025-07-31,14:00:00,75.02,75.05,74.78,75.01,1499.0
2025-07-31 15:00:00,2025-07-31,15:00:00,75.01,75.04,74.58,74.78,1928.0
2025-08-01 06:00:00,2025-08-01,06:00:00,74.58,74.71,74.22,74.39,1639.0
2025-08-01 07:00:00,2025-08-01,07:00:00,74.35,74.42,74.03,74.2,2439.0
2025-08-01 08:00:00,2025-08-01,08:00:00,74.18,74.49,74.1,74.34,2277.0
2025-08-01 09:00:00,2025-08-01,09:00:00,74.36,74.36,73.94,73.96,2250.0
2025-08-01 10:00:00,2025-08-01,10:00:00,73.96,73.96,73.68,73.77,2687.0
2025-08-01 11:00:00,2025-08-01,11:00:00,73.75,73.96,73.61,73.96,1409.0
2025-08-01 12:00:00,2025-08-01,12:00:00,73.95,74.04,73.8,73.88,1965.0
2025-08-01 13:00:00,2025-08-01,13:00:00,73.87,73.95,73.3,73.44,3364.0
2025-08-01 14:00:00,2025-08-01,14:00:00,73.44,73.68,73.33,73.4,1900.0
2025-08-01 15:00:00,2025-08-01,15:00:00,73.42,73.54,73.28,73.4,2727.0
2025-08-04 06:00:00,2025-08-04,06:00:00,73.28,73.61,72.83,72.96,2591.0
2025-08-04 07:00:00,2025-08-04,07:00:00,72.93,73.09,72.79,72.91,1872.0
2025-08-04 08:00:00,2025-08-04,08:00:00,72.91,73.01,72.49,72.52,2493.0
2025-08-04 09:00:00,2025-08-04,09:00:00,72.51,72.69,72.43,72.62,1974.0
2025-08-04 10:00:00,2025-08-04,10:00:00,72.61,72.83,72.5,72.82,1158.0
2025-08-04 11:00:00,2025-08-04,11:00:00,72.78,73.12,72.7,72.99,1369.0
2025-08-04 12:00:00,2025-08-04,12:00:00,72.97,73.11,72.79,72.8,1281.0
2025-08-04 13:00:00,2025-08-04,13:00:00,72.81,72.92,72.64,72.89,1311.0
2025-08-04 14:00:00,2025-08-04,14:00:00,72.86,73.24,72.81,73.18,2357.0
2025-08-04 15:00:00,2025-08-04,15:00:00,73.18,73.2,72.97,73.06,1409.0
2025-08-05 06:00:00,2025-08-05,06:00:00,73.14,73.14,72.81,73.06,937.0
2025-08-05 07:00:00,2025-08-05,07:00:00,73.07,73.2,72.84,72.91,1909.0
2025-08-05 08:00:00,2025-08-05,08:00:00,72.93,73.14,72.88,72.94,1346.0
2025-08-05 09:00:00,2025-08-05,09:00:00,72.93,73.68,72.78,73.61,2698.0
2025-08-05 10:00:00,2025-08-05,10:00:00,73.63,73.73,73.52,73.69,1533.0
2025-08-05 11:00:00,2025-08-05,11:00:00,73.69,73.82,73.53,73.56,1456.0
2025-08-05 12:00:00,2025-08-05,12:00:00,73.56,73.91,73.43,73.64,2388.0
2025-08-05 13:00:00,2025-08-05,13:00:00,73.65,73.83,73.57,73.58,972.0
2025-08-05 14:00:00,2025-08-05,14:00:00,73.58,73.88,73.44,73.76,1181.0
2025-08-05 15:00:00,2025-08-05,15:00:00,73.78,74.02,73.61,73.67,2048.0
2025-08-06 06:00:00,2025-08-06,06:00:00,73.67,73.78,73.51,73.58,687.0
2025-08-06 07:00:00,2025-08-06,07:00:00,73.57,73.66,73.28,73.53,1271.0
2025-08-06 08:00:00,2025-08-06,08:00:00,73.53,73.74,73.4,73.63,1239.0
2025-08-06 09:00:00,2025-08-06,09:00:00,73.63,73.99,73.53,73.84,1465.0
2025-08-06 10:00:00,2025-08-06,10:00:00,73.83,73.88,73.51,73.55,797.0
2025-08-06 11:00:00,2025-08-06,11:00:00,73.55,73.66,73.41,73.42,639.0
2025-08-06 12:00:00,2025-08-06,12:00:00,73.45,73.46,73.18,73.26,2199.0
2025-08-06 13:00:00,2025-08-06,13:00:00,73.26,73.46,73.19,73.38,1271.0
2025-08-06 14:00:00,2025-08-06,14:00:00,73.38,73.43,73.18,73.3,1462.0
2025-08-06 15:00:00,2025-08-06,15:00:00,73.31,73.34,73.03,73.03,2049.0
2025-08-07 06:00:00,2025-08-07,06:00:00,73.01,73.05,72.68,72.83,1840.0
2025-08-07 07:00:00,2025-08-07,07:00:00,72.82,73.08,72.58,72.89,2381.0
2025-08-07 08:00:00,2025-08-07,08:00:00,72.87,73.1,72.71,72.98,1777.0
2025-08-07 09:00:00,2025-08-07,09:00:00,72.97,73.15,72.78,72.93,1509.0
2025-08-07 10:00:00,2025-08-07,10:00:00,72.93,73.09,72.78,73.07,1088.0
2025-08-07 11:00:00,2025-08-07,11:00:00,73.07,73.72,73,73.62,3204.0
2025-08-07 12:00:00,2025-08-07,12:00:00,73.64,73.81,73.46,73.67,2225.0
2025-08-07 13:00:00,2025-08-07,13:00:00,73.67,73.78,73.46,73.62,1396.0
2025-08-07 14:00:00,2025-08-07,14:00:00,73.6,73.95,73.58,73.74,1382.0
2025-08-07 15:00:00,2025-08-07,15:00:00,73.73,74.29,73.72,74.26,3520.0
2025-08-08 06:00:00,2025-08-08,06:00:00,74.24,74.47,74.08,74.44,1534.0
2025-08-08 07:00:00,2025-08-08,07:00:00,74.45,74.78,74.33,74.69,2150.0
2025-08-08 08:00:00,2025-08-08,08:00:00,74.68,75.14,74.62,75.1,2642.0
2025-08-08 09:00:00,2025-08-08,09:00:00,75.08,75.17,74.97,75.14,1976.0
2025-08-08 10:00:00,2025-08-08,10:00:00,75.16,75.21,74.93,75.09,1400.0
2025-08-08 11:00:00,2025-08-08,11:00:00,75.08,75.26,74.9,74.99,1171.0
2025-08-08 12:00:00,2025-08-08,12:00:00,75,75.05,74.84,74.92,1316.0
2025-08-08 13:00:00,2025-08-08,13:00:00,74.93,75.51,74.89,75.48,2095.0
2025-08-08 14:00:00,2025-08-08,14:00:00,75.51,75.63,75.03,75.54,4179.0
2025-08-08 15:00:00,2025-08-08,15:00:00,75.55,75.6,75.12,75.26,3068.0
2025-08-11 06:00:00,2025-08-11,06:00:00,75.26,75.26,74.83,75.2,1382.0
2025-08-11 07:00:00,2025-08-11,07:00:00,75.17,75.43,74.93,75,1541.0
2025-08-11 08:00:00,2025-08-11,08:00:00,75.01,75.16,74.9,75.01,1656.0
2025-08-11 09:00:00,2025-08-11,09:00:00,75.01,75.24,75,75.21,1315.0
2025-08-11 10:00:00,2025-08-11,10:00:00,75.21,75.25,74.84,74.92,1115.0
2025-08-11 11:00:00,2025-08-11,11:00:00,74.93,74.93,74.43,74.69,2108.0
2025-08-11 12:00:00,2025-08-11,12:00:00,74.7,74.83,74.43,74.48,1988.0
2025-08-11 13:00:00,2025-08-11,13:00:00,74.48,74.64,74.28,74.6,1690.0
2025-08-11 14:00:00,2025-08-11,14:00:00,74.6,74.7,74.4,74.5,1170.0
2025-08-11 15:00:00,2025-08-11,15:00:00,74.5,74.72,74.42,74.55,1162.0
2025-08-12 06:00:00,2025-08-12,06:00:00,74.57,74.7,74.3,74.32,1287.0
2025-08-12 07:00:00,2025-08-12,07:00:00,74.31,74.55,74.28,74.35,1231.0
2025-08-12 08:00:00,2025-08-12,08:00:00,74.36,74.44,74.04,74.17,2212.0
2025-08-12 09:00:00,2025-08-12,09:00:00,74.18,74.35,74.05,74.16,1509.0
2025-08-12 10:00:00,2025-08-12,10:00:00,74.17,74.31,74.08,74.17,784.0
2025-08-12 11:00:00,2025-08-12,11:00:00,74.17,74.18,73.94,74.02,764.0
2025-08-12 12:00:00,2025-08-12,12:00:00,74.05,74.08,73.83,74.08,1294.0
2025-08-12 13:00:00,2025-08-12,13:00:00,74.11,74.2,73.84,74.05,1122.0
2025-08-12 14:00:00,2025-08-12,14:00:00,74.03,74.09,73.84,73.9,747.0
2025-08-12 15:00:00,2025-08-12,15:00:00,73.88,73.97,73.65,73.74,2602.0
2025-08-13 06:00:00,2025-08-13,06:00:00,73.78,73.81,73.54,73.72,925.0
2025-08-13 07:00:00,2025-08-13,07:00:00,73.71,74.2,73.7,73.98,1548.0
2025-08-13 08:00:00,2025-08-13,08:00:00,73.98,74.08,73.76,73.81,1875.0
2025-08-13 09:00:00,2025-08-13,09:00:00,73.81,74.32,73.81,74.2,1667.0
2025-08-13 10:00:00,2025-08-13,10:00:00,74.21,74.35,74.14,74.22,576.0
2025-08-13 11:00:00,2025-08-13,11:00:00,74.21,74.41,74.13,74.26,997.0
2025-08-13 12:00:00,2025-08-13,12:00:00,74.28,74.43,74.18,74.24,1180.0
2025-08-13 13:00:00,2025-08-13,13:00:00,74.24,74.24,73.84,73.96,1510.0
2025-08-13 14:00:00,2025-08-13,14:00:00,73.97,73.99,73.78,73.89,1379.0
2025-08-13 15:00:00,2025-08-13,15:00:00,73.89,74.18,73.82,73.96,1363.0
2025-08-14 06:00:00,2025-08-14,06:00:00,74.16,74.16,73.88,73.94,788.0
2025-08-14 07:00:00,2025-08-14,07:00:00,73.93,73.93,73.68,73.71,1795.0
2025-08-14 08:00:00,2025-08-14,08:00:00,73.69,73.73,73.42,73.54,2537.0
2025-08-14 09:00:00,2025-08-14,09:00:00,73.53,73.54,73.29,73.31,2434.0
2025-08-14 10:00:00,2025-08-14,10:00:00,73.29,73.38,72.85,73.03,3716.0
2025-08-14 11:00:00,2025-08-14,11:00:00,73.03,73.63,73,73.32,2401.0
2025-08-14 12:00:00,2025-08-14,12:00:00,73.33,73.48,73.14,73.34,1302.0
2025-08-14 13:00:00,2025-08-14,13:00:00,73.35,73.68,73.33,73.48,1221.0
2025-08-14 14:00:00,2025-08-14,14:00:00,73.5,73.54,73.18,73.34,1168.0
2025-08-14 15:00:00,2025-08-14,15:00:00,73.33,73.39,73.18,73.35,1940.0
2025-08-15 06:00:00,2025-08-15,06:00:00,73.3,73.59,73.18,73.38,577.0
2025-08-15 07:00:00,2025-08-15,07:00:00,73.35,73.48,72.9,72.91,1538.0
2025-08-15 08:00:00,2025-08-15,08:00:00,72.93,73.12,72.9,73.04,1200.0
2025-08-15 09:00:00,2025-08-15,09:00:00,73.06,73.22,73.02,73.17,674.0
2025-08-15 10:00:00,2025-08-15,10:00:00,73.15,73.23,72.98,73.01,590.0
2025-08-15 11:00:00,2025-08-15,11:00:00,72.98,73.14,72.92,72.99,821.0
2025-08-15 12:00:00,2025-08-15,12:00:00,72.99,72.99,72.61,72.65,2367.0
2025-08-15 13:00:00,2025-08-15,13:00:00,72.65,73.13,72.56,72.85,2818.0
2025-08-15 14:00:00,2025-08-15,14:00:00,72.84,73.01,72.7,72.97,1710.0
2025-08-15 15:00:00,2025-08-15,15:00:00,72.97,73.04,72.83,72.92,1293.0
2025-08-18 06:00:00,2025-08-18,06:00:00,73.17,73.2,72.64,72.76,1422.0
2025-08-18 07:00:00,2025-08-18,07:00:00,72.75,72.95,72.58,72.88,1682.0
2025-08-18 08:00:00,2025-08-18,08:00:00,72.88,73.07,72.83,73.03,1620.0
2025-08-18 09:00:00,2025-08-18,09:00:00,73.03,73.39,73,73,2452.0
2025-08-18 10:00:00,2025-08-18,10:00:00,73.02,73.17,72.93,72.98,862.0
2025-08-18 11:00:00,2025-08-18,11:00:00,72.99,73.14,72.82,73.05,1012.0
2025-08-18 12:00:00,2025-08-18,12:00:00,73.08,73.43,73.02,73.35,1703.0
2025-08-18 13:00:00,2025-08-18,13:00:00,73.37,73.45,73.12,73.18,1865.0
2025-08-18 14:00:00,2025-08-18,14:00:00,73.18,74.01,73.09,73.87,3032.0
2025-08-18 15:00:00,2025-08-18,15:00:00,73.87,74.27,73.86,73.96,2727.0
2025-08-19 06:00:00,2025-08-19,06:00:00,73.93,74.2,73.6,73.76,1622.0
2025-08-19 07:00:00,2025-08-19,07:00:00,73.76,74.14,73.68,74,1537.0
2025-08-19 08:00:00,2025-08-19,08:00:00,73.98,74.36,73.93,74.17,1779.0
2025-08-19 09:00:00,2025-08-19,09:00:00,74.18,74.32,73.88,73.94,1918.0
2025-08-19 10:00:00,2025-08-19,10:00:00,73.93,73.96,73.6,73.68,1289.0
2025-08-19 11:00:00,2025-08-19,11:00:00,73.68,73.94,73.68,73.79,1101.0
2025-08-19 12:00:00,2025-08-19,12:00:00,73.8,73.92,73.58,73.62,1807.0
2025-08-19 13:00:00,2025-08-19,13:00:00,73.64,73.75,73.35,73.71,1702.0
2025-08-19 14:00:00,2025-08-19,14:00:00,73.71,73.71,73.37,73.51,1241.0
2025-08-19 15:00:00,2025-08-19,15:00:00,73.51,73.63,73.31,73.52,2229.0
2025-08-20 06:00:00,2025-08-20,06:00:00,73.58,73.82,73.28,73.71,1595.0
2025-08-20 07:00:00,2025-08-20,07:00:00,73.7,73.74,73.23,73.27,1614.0
2025-08-20 08:00:00,2025-08-20,08:00:00,73.26,73.44,73.04,73.22,2501.0
2025-08-20 09:00:00,2025-08-20,09:00:00,73.21,73.26,73.06,73.21,983.0
2025-08-20 10:00:00,2025-08-20,10:00:00,73.21,73.26,72.93,72.99,1066.0
2025-08-20 11:00:00,2025-08-20,11:00:00,72.99,73.24,72.98,73.17,949.0
2025-08-20 12:00:00,2025-08-20,12:00:00,73.16,73.27,73.08,73.2,967.0
2025-08-20 13:00:00,2025-08-20,13:00:00,73.19,73.49,73.14,73.38,1669.0
2025-08-20 14:00:00,2025-08-20,14:00:00,73.39,73.77,73.39,73.43,1665.0
2025-08-20 15:00:00,2025-08-20,15:00:00,73.4,73.78,73.4,73.73,1581.0
2025-08-21 06:00:00,2025-08-21,06:00:00,73.77,73.8,73.35,73.38,1036.0
2025-08-21 07:00:00,2025-08-21,07:00:00,73.38,73.77,73.34,73.66,1494.0
2025-08-21 08:00:00,2025-08-21,08:00:00,73.64,74.16,73.61,74,2464.0
2025-08-21 09:00:00,2025-08-21,09:00:00,73.99,74.23,73.99,74.08,1756.0
2025-08-21 10:00:00,2025-08-21,10:00:00,74.09,74.38,73.95,74.3,1969.0
2025-08-21 11:00:00,2025-08-21,11:00:00,74.3,74.62,74.16,74.56,2008.0
2025-08-21 12:00:00,2025-08-21,12:00:00,74.58,74.76,74.22,74.45,2806.0
2025-08-21 13:00:00,2025-08-21,13:00:00,74.43,74.68,74.29,74.35,1775.0
2025-08-21 14:00:00,2025-08-21,14:00:00,74.35,74.73,74.21,74.66,2087.0
2025-08-21 15:00:00,2025-08-21,15:00:00,74.69,75.04,74.61,74.85,2884.0
2025-08-22 06:00:00,2025-08-22,06:00:00,74.88,75.03,74.7,74.75,1352.0
2025-08-22 07:00:00,2025-08-22,07:00:00,74.75,75.08,74.61,74.88,1667.0
2025-08-22 08:00:00,2025-08-22,08:00:00,74.88,75.06,74.82,74.88,1378.0
2025-08-22 09:00:00,2025-08-22,09:00:00,74.88,75,74.67,74.77,1407.0
2025-08-22 10:00:00,2025-08-22,10:00:00,74.75,74.8,74.55,74.78,1110.0
2025-08-22 11:00:00,2025-08-22,11:00:00,74.77,74.86,74.66,74.66,791.0
2025-08-22 12:00:00,2025-08-22,12:00:00,74.7,74.87,74.62,74.78,998.0
2025-08-22 13:00:00,2025-08-22,13:00:00,74.78,74.82,74.59,74.7,921.0
2025-08-22 14:00:00,2025-08-22,14:00:00,74.7,74.82,74.54,74.75,1481.0
2025-08-22 15:00:00,2025-08-22,15:00:00,74.74,74.89,74.65,74.82,1511.0
2025-08-25 06:00:00,2025-08-25,06:00:00,74.79,74.88,74.31,74.44,1114.0
2025-08-25 07:00:00,2025-08-25,07:00:00,74.4,74.68,74.28,74.52,1425.0
2025-08-25 08:00:00,2025-08-25,08:00:00,74.49,74.56,74.1,74.21,1737.0
2025-08-25 09:00:00,2025-08-25,09:00:00,74.2,74.38,74.14,74.28,1002.0
2025-08-25 10:00:00,2025-08-25,10:00:00,74.27,74.39,74.18,74.35,731.0
2025-08-25 11:00:00,2025-08-25,11:00:00,74.36,74.42,74.19,74.26,848.0
2025-08-25 12:00:00,2025-08-25,12:00:00,74.28,74.36,74.23,74.25,689.0
2025-08-25 13:00:00,2025-08-25,13:00:00,74.25,74.81,74.24,74.63,1499.0
2025-08-25 14:00:00,2025-08-25,14:00:00,74.65,74.76,74.58,74.68,613.0
2025-08-25 15:00:00,2025-08-25,15:00:00,74.71,74.88,74.14,74.31,2432.0
2025-08-26 06:00:00,2025-08-26,06:00:00,74.32,74.33,73.91,74.05,1711.0
2025-08-26 07:00:00,2025-08-26,07:00:00,74.08,74.27,73.91,74.07,1269.0
2025-08-26 08:00:00,2025-08-26,08:00:00,74.07,74.21,74,74.09,988.0
2025-08-26 09:00:00,2025-08-26,09:00:00,74.07,74.18,73.86,74,1604.0
2025-08-26 10:00:00,2025-08-26,10:00:00,73.98,74.11,73.98,74.01,519.0
2025-08-26 11:00:00,2025-08-26,11:00:00,74.01,74.56,73.99,74.47,1310.0
2025-08-26 12:00:00,2025-08-26,12:00:00,74.47,74.67,74.42,74.56,1384.0
2025-08-26 13:00:00,2025-08-26,13:00:00,74.56,75.18,74.49,74.96,3300.0
2025-08-26 14:00:00,2025-08-26,14:00:00,74.97,75.26,74.93,75.18,2446.0
2025-08-26 15:00:00,2025-08-26,15:00:00,75.18,75.26,74.78,75.01,1929.0
2025-08-27 06:00:00,2025-08-27,06:00:00,75,75.58,74.9,75.39,2317.0
2025-08-27 07:00:00,2025-08-27,07:00:00,75.39,75.45,74.98,75.11,1477.0
2025-08-27 08:00:00,2025-08-27,08:00:00,75.13,75.33,75.03,75.23,1318.0
2025-08-27 09:00:00,2025-08-27,09:00:00,75.26,75.27,74.86,74.98,1538.0
2025-08-27 10:00:00,2025-08-27,10:00:00,74.98,74.99,74.68,74.93,1456.0
2025-08-27 11:00:00,2025-08-27,11:00:00,74.92,74.97,74.79,74.91,943.0
2025-08-27 12:00:00,2025-08-27,12:00:00,74.91,75.04,74.74,74.81,1345.0
2025-08-27 13:00:00,2025-08-27,13:00:00,74.81,74.86,74.21,74.35,3153.0
2025-08-27 14:00:00,2025-08-27,14:00:00,74.35,74.61,74.33,74.49,1509.0
2025-08-27 15:00:00,2025-08-27,15:00:00,74.49,74.65,74.41,74.55,1490.0
2025-08-28 06:00:00,2025-08-28,06:00:00,74.62,74.62,74.16,74.18,1630.0
2025-08-28 07:00:00,2025-08-28,07:00:00,74.19,74.28,73.88,74.06,2607.0
2025-08-28 08:00:00,2025-08-28,08:00:00,74.05,74.2,73.88,74.06,1832.0
2025-08-28 09:00:00,2025-08-28,09:00:00,74.06,74.17,73.79,74.09,2004.0
2025-08-28 10:00:00,2025-08-28,10:00:00,74.09,74.25,73.98,74.02,1384.0
2025-08-28 11:00:00,2025-08-28,11:00:00,74.02,74.14,73.63,73.73,2503.0
2025-08-28 12:00:00,2025-08-28,12:00:00,73.72,73.85,73.59,73.82,2099.0
2025-08-28 13:00:00,2025-08-28,13:00:00,73.82,74.04,73.68,74.04,1706.0
2025-08-28 14:00:00,2025-08-28,14:00:00,74.03,74.43,74,74.14,2395.0
2025-08-28 15:00:00,2025-08-28,15:00:00,74.12,74.21,73.83,74.13,1850.0
2025-08-29 06:00:00,2025-08-29,06:00:00,74,74.39,73.93,74.26,830.0
2025-08-29 07:00:00,2025-08-29,07:00:00,74.24,74.48,74.05,74.07,1104.0
2025-08-29 08:00:00,2025-08-29,08:00:00,74.04,74.18,73.88,74.16,1411.0
2025-08-29 09:00:00,2025-08-29,09:00:00,74.14,75.02,74.14,74.83,3172.0
2025-08-29 10:00:00,2025-08-29,10:00:00,74.81,75.23,74.81,75.13,2145.0
2025-08-29 11:00:00,2025-08-29,11:00:00,75.12,75.17,74.9,75.02,1337.0
2025-08-29 12:00:00,2025-08-29,12:00:00,75.01,75.23,74.95,74.97,1833.0
2025-08-29 13:00:00,2025-08-29,13:00:00,74.96,75.08,74.9,74.96,1580.0
2025-08-29 14:00:00,2025-08-29,14:00:00,74.96,75.11,74.78,75.09,1466.0
2025-08-29 15:00:00,2025-08-29,15:00:00,75.08,75.33,75.06,75.23,3289.0
2025-09-01 06:00:00,2025-09-01,06:00:00,75.18,76.03,75.06,75.94,3150.0
2025-09-01 07:00:00,2025-09-01,07:00:00,75.95,76.38,75.83,75.86,3765.0
2025-09-01 08:00:00,2025-09-01,08:00:00,75.86,76.18,75.83,75.98,2401.0
2025-09-01 09:00:00,2025-09-01,09:00:00,75.99,76.37,75.88,76.26,1925.0
2025-09-01 10:00:00,2025-09-01,10:00:00,76.25,76.51,76.11,76.17,1872.0
2025-09-01 11:00:00,2025-09-01,11:00:00,76.16,76.23,76,76.17,1350.0
2025-09-01 12:00:00,2025-09-01,12:00:00,76.18,76.53,76.18,76.35,2663.0
2025-09-01 13:00:00,2025-09-01,13:00:00,76.37,76.64,76.33,76.55,2117.0
2025-09-01 14:00:00,2025-09-01,14:00:00,76.56,76.83,76.18,76.25,3834.0
2025-09-01 15:00:00,2025-09-01,15:00:00,76.25,76.7,76.19,76.59,1949.0
2025-09-02 06:00:00,2025-09-02,06:00:00,76.4,76.7,76.09,76.25,1653.0
2025-09-02 07:00:00,2025-09-02,07:00:00,76.25,76.42,76.03,76.1,2205.0
2025-09-02 08:00:00,2025-09-02,08:00:00,76.13,76.54,76.06,76.41,2108.0
2025-09-02 09:00:00,2025-09-02,09:00:00,76.41,76.55,76.09,76.54,2099.0
2025-09-02 10:00:00,2025-09-02,10:00:00,76.54,76.72,76.46,76.46,1681.0
2025-09-02 11:00:00,2025-09-02,11:00:00,76.46,76.56,75.93,76.14,2346.0
2025-09-02 12:00:00,2025-09-02,12:00:00,76.13,76.25,75.64,75.75,3410.0
2025-09-02 13:00:00,2025-09-02,13:00:00,75.75,76.11,75.7,75.87,2094.0
2025-09-02 14:00:00,2025-09-02,14:00:00,75.87,76.15,75.83,76,1352.0
2025-09-02 15:00:00,2025-09-02,15:00:00,76,76.12,75.81,75.92,2101.0
2025-09-03 06:00:00,2025-09-03,06:00:00,75.74,76.02,75.74,75.77,734.0
2025-09-03 07:00:00,2025-09-03,07:00:00,75.77,76,75.7,75.76,1315.0
2025-09-03 08:00:00,2025-09-03,08:00:00,75.78,76.28,75.7,76.17,2184.0
2025-09-03 09:00:00,2025-09-03,09:00:00,76.2,76.35,76.06,76.16,1923.0
2025-09-03 10:00:00,2025-09-03,10:00:00,76.15,76.2,75.86,76.2,1104.0
2025-09-03 11:00:00,2025-09-03,11:00:00,76.2,77.02,76.17,76.99,3701.0
2025-09-03 12:00:00,2025-09-03,12:00:00,76.98,77.07,76.73,76.9,2508.0
2025-09-03 13:00:00,2025-09-03,13:00:00,76.9,76.98,76.67,76.84,2183.0
2025-09-03 14:00:00,2025-09-03,14:00:00,76.84,77.26,76.74,77.22,2795.0
2025-09-03 15:00:00,2025-09-03,15:00:00,77.21,77.33,77.14,77.31,3983.0
2025-09-04 06:00:00,2025-09-04,06:00:00,77.28,77.33,76.86,77.01,1812.0
2025-09-04 07:00:00,2025-09-04,07:00:00,77.01,77.6,76.97,77.44,3341.0
2025-09-04 08:00:00,2025-09-04,08:00:00,77.46,77.7,77.27,77.27,2842.0
2025-09-04 09:00:00,2025-09-04,09:00:00,77.3,77.3,76.89,77.11,2582.0
2025-09-04 10:00:00,2025-09-04,10:00:00,77.12,77.36,77.06,77.35,1367.0
2025-09-04 11:00:00,2025-09-04,11:00:00,77.34,77.43,77.14,77.17,1029.0
2025-09-04 12:00:00,2025-09-04,12:00:00,77.17,77.58,77.16,77.51,1820.0
2025-09-04 13:00:00,2025-09-04,13:00:00,77.52,77.73,77.41,77.68,2152.0
2025-09-04 14:00:00,2025-09-04,14:00:00,77.69,77.73,77.32,77.62,2773.0
2025-09-04 15:00:00,2025-09-04,15:00:00,77.63,77.99,77.62,77.84,2501.0
2025-09-05 06:00:00,2025-09-05,06:00:00,77.57,78.02,77.57,77.93,1134.0
2025-09-05 07:00:00,2025-09-05,07:00:00,77.93,78.46,77.84,77.99,3877.0
2025-09-05 08:00:00,2025-09-05,08:00:00,77.98,78.39,77.88,78.32,2116.0
2025-09-05 09:00:00,2025-09-05,09:00:00,78.31,78.53,78.23,78.37,2527.0
2025-09-05 10:00:00,2025-09-05,10:00:00,78.38,78.52,78.27,78.43,1811.0
2025-09-05 11:00:00,2025-09-05,11:00:00,78.44,78.44,78.3,78.36,1139.0
2025-09-05 12:00:00,2025-09-05,12:00:00,78.36,78.41,77.86,78.04,3010.0
2025-09-05 13:00:00,2025-09-05,13:00:00,78.04,78.32,78.03,78.22,1666.0
2025-09-05 14:00:00,2025-09-05,14:00:00,78.22,78.41,78.04,78.3,2441.0
2025-09-05 15:00:00,2025-09-05,15:00:00,78.3,78.4,78.18,78.33,2630.0
2025-09-08 06:00:00,2025-09-08,06:00:00,78.33,78.74,78.21,78.5,1551.0
2025-09-08 07:00:00,2025-09-08,07:00:00,78.53,78.75,77.88,77.97,2552.0
2025-09-08 08:00:00,2025-09-08,08:00:00,77.94,78.09,77.78,77.87,2483.0
2025-09-08 09:00:00,2025-09-08,09:00:00,77.86,78.66,77.86,78.43,2942.0
2025-09-08 10:00:00,2025-09-08,10:00:00,78.43,78.63,78.4,78.58,1114.0
2025-09-08 11:00:00,2025-09-08,11:00:00,78.56,78.77,78.55,78.72,1602.0
2025-09-08 12:00:00,2025-09-08,12:00:00,78.72,78.8,78.51,78.54,1994.0
2025-09-08 13:00:00,2025-09-08,13:00:00,78.53,79.58,78.53,79.54,5087.0
2025-09-08 14:00:00,2025-09-08,14:00:00,79.55,79.6,79.18,79.38,2953.0
2025-09-08 15:00:00,2025-09-08,15:00:00,79.37,79.48,79.06,79.28,2879.0
2025-09-09 06:00:00,2025-09-09,06:00:00,79.28,79.45,79.08,79.32,1759.0
2025-09-09 07:00:00,2025-09-09,07:00:00,79.31,79.51,79.14,79.2,3724.0
2025-09-09 08:00:00,2025-09-09,08:00:00,79.2,79.38,78.97,79.12,2361.0
2025-09-09 09:00:00,2025-09-09,09:00:00,79.13,79.38,79.09,79.32,1901.0
2025-09-09 10:00:00,2025-09-09,10:00:00,79.31,79.45,78.72,78.92,3572.0
2025-09-09 11:00:00,2025-09-09,11:00:00,78.91,78.95,78.39,78.42,2495.0
2025-09-09 12:00:00,2025-09-09,12:00:00,78.42,78.73,78.28,78.57,3031.0
2025-09-09 13:00:00,2025-09-09,13:00:00,78.55,78.9,78.53,78.88,2515.0
2025-09-09 14:00:00,2025-09-09,14:00:00,78.88,79.03,78.63,78.86,2009.0
2025-09-09 15:00:00,2025-09-09,15:00:00,78.88,79.3,78.88,79.08,2932.0
2025-09-10 06:00:00,2025-09-10,06:00:00,79.28,79.48,79.01,79.27,1633.0
2025-09-10 07:00:00,2025-09-10,07:00:00,79.26,79.45,78.53,78.85,3141.0
2025-09-10 08:00:00,2025-09-10,08:00:00,78.84,79.2,78.68,79.1,1923.0
2025-09-10 09:00:00,2025-09-10,09:00:00,79.11,79.31,79.01,79.03,1746.0
2025-09-10 10:00:00,2025-09-10,10:00:00,79.03,79.31,78.68,78.99,2340.0
2025-09-10 11:00:00,2025-09-10,11:00:00,78.99,79.25,78.88,79.16,1611.0
2025-09-10 12:00:00,2025-09-10,12:00:00,79.16,79.17,78.75,78.78,1349.0
2025-09-10 13:00:00,2025-09-10,13:00:00,78.78,79.19,78.74,79.09,1697.0
2025-09-10 14:00:00,2025-09-10,14:00:00,79.1,79.22,78.93,79.19,1691.0
2025-09-10 15:00:00,2025-09-10,15:00:00,79.17,79.86,79.17,79.55,5111.0
2025-09-11 06:00:00,2025-09-11,06:00:00,79.45,79.58,78.96,79,1861.0
2025-09-11 07:00:00,2025-09-11,07:00:00,78.99,79.2,78.88,79.03,1656.0
2025-09-11 08:00:00,2025-09-11,08:00:00,79.03,79.12,78.8,78.88,1909.0
2025-09-11 09:00:00,2025-09-11,09:00:00,78.88,78.95,78.54,78.78,2322.0
2025-09-11 10:00:00,2025-09-11,10:00:00,78.78,79.01,78.67,78.87,1129.0
2025-09-11 11:00:00,2025-09-11,11:00:00,78.87,78.89,78.63,78.69,1635.0
2025-09-11 12:00:00,2025-09-11,12:00:00,78.69,78.69,77.66,77.85,8077.0
2025-09-11 13:00:00,2025-09-11,13:00:00,77.85,78.02,77.63,77.92,2781.0
2025-09-11 14:00:00,2025-09-11,14:00:00,77.94,78.07,77.68,77.78,2493.0
2025-09-11 15:00:00,2025-09-11,15:00:00,77.77,77.98,77.58,77.67,3583.0
2025-09-12 06:00:00,2025-09-12,06:00:00,77.62,77.83,77.53,77.74,1064.0
2025-09-12 07:00:00,2025-09-12,07:00:00,77.71,77.98,77.54,77.67,1860.0
2025-09-12 08:00:00,2025-09-12,08:00:00,77.68,77.83,77.38,77.83,2608.0
2025-09-12 09:00:00,2025-09-12,09:00:00,77.83,78.02,77.72,77.9,1409.0
2025-09-12 10:00:00,2025-09-12,10:00:00,77.92,78.23,77.78,78.13,1226.0
2025-09-12 11:00:00,2025-09-12,11:00:00,78.13,78.23,77.88,78.2,1238.0
2025-09-12 12:00:00,2025-09-12,12:00:00,78.21,78.31,77.86,78.04,2789.0
2025-09-12 13:00:00,2025-09-12,13:00:00,78.04,78.26,77.95,78.23,1343.0
2025-09-12 14:00:00,2025-09-12,14:00:00,78.25,78.31,78.05,78.12,1402.0
2025-09-12 15:00:00,2025-09-12,15:00:00,78.12,78.2,77.88,77.98,2335.0
2025-09-15 06:00:00,2025-09-15,06:00:00,77.88,78.2,77.72,77.95,998.0
2025-09-15 07:00:00,2025-09-15,07:00:00,77.95,77.96,77.39,77.6,2091.0
2025-09-15 08:00:00,2025-09-15,08:00:00,77.61,77.92,77.51,77.78,1850.0
2025-09-15 09:00:00,2025-09-15,09:00:00,77.78,78.02,77.59,78.02,2192.0
2025-09-15 10:00:00,2025-09-15,10:00:00,78.03,78.17,77.77,78.09,1603.0
2025-09-15 11:00:00,2025-09-15,11:00:00,78.09,78.71,78.08,78.64,3952.0
2025-09-15 12:00:00,2025-09-15,12:00:00,78.63,79.02,78.62,78.69,3153.0
2025-09-15 13:00:00,2025-09-15,13:00:00,78.7,79.11,78.68,78.87,2187.0
2025-09-15 14:00:00,2025-09-15,14:00:00,78.88,79.32,78.76,79.02,2527.0
2025-09-15 15:00:00,2025-09-15,15:00:00,79.01,79.34,78.94,79.3,2363.0
2025-09-16 06:00:00,2025-09-16,06:00:00,79.33,79.39,79.03,79.04,1532.0
2025-09-16 07:00:00,2025-09-16,07:00:00,79.05,79.1,78.82,78.86,2274.0
2025-09-16 08:00:00,2025-09-16,08:00:00,78.85,79.08,78.77,78.86,1911.0
2025-09-16 09:00:00,2025-09-16,09:00:00,78.84,79.05,78.81,79,1996.0
2025-09-16 10:00:00,2025-09-16,10:00:00,79,79.28,78.96,79.14,1825.0
2025-09-16 11:00:00,2025-09-16,11:00:00,79.12,80.15,79.12,80.02,4609.0
2025-09-16 12:00:00,2025-09-16,12:00:00,80.03,80.54,79.88,80.13,4355.0
2025-09-16 13:00:00,2025-09-16,13:00:00,80.14,80.16,79.46,79.59,2928.0
2025-09-16 14:00:00,2025-09-16,14:00:00,79.59,79.83,79.5,79.65,1992.0
2025-09-16 15:00:00,2025-09-16,15:00:00,79.64,79.89,79.53,79.85,2283.0
2025-09-17 06:00:00,2025-09-17,06:00:00,79.78,80.34,79.78,80.27,1221.0
2025-09-17 07:00:00,2025-09-17,07:00:00,80.29,80.43,79.97,80.09,2310.0
2025-09-17 08:00:00,2025-09-17,08:00:00,80.07,80.73,80.04,80.35,3460.0
2025-09-17 09:00:00,2025-09-17,09:00:00,80.33,80.37,79.65,79.94,3415.0
2025-09-17 10:00:00,2025-09-17,10:00:00,79.94,80.22,79.71,80.15,1777.0
2025-09-17 11:00:00,2025-09-17,11:00:00,80.15,80.34,79.98,80.08,1427.0
2025-09-17 12:00:00,2025-09-17,12:00:00,80.08,80.15,79.4,79.52,3632.0
2025-09-17 13:00:00,2025-09-17,13:00:00,79.51,79.89,79.43,79.54,2121.0
2025-09-17 14:00:00,2025-09-17,14:00:00,79.55,79.68,78.97,79.14,4013.0
2025-09-17 15:00:00,2025-09-17,15:00:00,79.14,79.34,79.04,79.18,2556.0
2025-09-18 06:00:00,2025-09-18,06:00:00,79.22,79.58,79.11,79.54,1552.0
2025-09-18 07:00:00,2025-09-18,07:00:00,79.53,80.12,79.53,80.03,1994.0
2025-09-18 08:00:00,2025-09-18,08:00:00,80.01,80.19,79.96,80.03,1873.0
2025-09-18 09:00:00,2025-09-18,09:00:00,80.02,80.39,79.94,80.24,2598.0
2025-09-18 10:00:00,2025-09-18,10:00:00,80.25,80.51,80.25,80.28,1394.0
2025-09-18 11:00:00,2025-09-18,11:00:00,80.28,80.29,79.97,80.03,1471.0
2025-09-18 12:00:00,2025-09-18,12:00:00,80.01,80.25,79.86,79.92,1496.0
2025-09-18 13:00:00,2025-09-18,13:00:00,79.92,80.04,79.63,79.87,2208.0
2025-09-18 14:00:00,2025-09-18,14:00:00,79.9,80.23,79.88,80.17,1745.0
2025-09-18 15:00:00,2025-09-18,15:00:00,80.17,80.29,79.73,79.76,3321.0
2025-09-19 06:00:00,2025-09-19,06:00:00,79.93,79.93,79.48,79.64,1118.0
2025-09-19 07:00:00,2025-09-19,07:00:00,79.65,79.98,79.43,79.46,1974.0
2025-09-19 08:00:00,2025-09-19,08:00:00,79.46,79.76,79.31,79.34,2876.0
2025-09-19 09:00:00,2025-09-19,09:00:00,79.33,79.56,79.29,79.5,1237.0
2025-09-19 10:00:00,2025-09-19,10:00:00,79.48,79.78,79.45,79.55,811.0
2025-09-19 11:00:00,2025-09-19,11:00:00,79.58,79.68,79.38,79.43,1209.0
2025-09-19 12:00:00,2025-09-19,12:00:00,79.43,79.98,79.39,79.85,1706.0
2025-09-19 13:00:00,2025-09-19,13:00:00,79.83,79.93,79.76,79.79,1040.0
2025-09-19 14:00:00,2025-09-19,14:00:00,79.79,80.03,79.72,79.74,1182.0
2025-09-19 15:00:00,2025-09-19,15:00:00,79.74,79.88,79.7,79.81,1581.0
2025-09-22 06:00:00,2025-09-22,06:00:00,79.97,79.97,79.37,79.53,1063.0
2025-09-22 07:00:00,2025-09-22,07:00:00,79.55,79.92,79.55,79.66,1469.0
2025-09-22 08:00:00,2025-09-22,08:00:00,79.65,79.73,79.48,79.58,1318.0
2025-09-22 09:00:00,2025-09-22,09:00:00,79.56,79.61,78.53,78.67,4650.0
2025-09-22 10:00:00,2025-09-22,10:00:00,78.64,79.01,78.49,78.79,1879.0
2025-09-22 11:00:00,2025-09-22,11:00:00,78.81,79.06,78.39,78.46,1956.0
2025-09-22 12:00:00,2025-09-22,12:00:00,78.49,78.69,78.4,78.54,1404.0
2025-09-22 13:00:00,2025-09-22,13:00:00,78.55,78.66,78.45,78.58,1263.0
2025-09-22 14:00:00,2025-09-22,14:00:00,78.58,78.59,78.19,78.51,2233.0
2025-09-22 15:00:00,2025-09-22,15:00:00,78.5,78.6,78.38,78.55,1818.0
2025-09-23 06:00:00,2025-09-23,06:00:00,78.49,78.86,78.31,78.48,1893.0
2025-09-23 07:00:00,2025-09-23,07:00:00,78.47,78.47,78.05,78.32,1810.0
2025-09-23 08:00:00,2025-09-23,08:00:00,78.3,78.57,78.12,78.44,2440.0
2025-09-23 09:00:00,2025-09-23,09:00:00,78.44,79.07,78.22,78.82,2581.0
2025-09-23 10:00:00,2025-09-23,10:00:00,78.82,78.92,78.55,78.7,1391.0
2025-09-23 11:00:00,2025-09-23,11:00:00,78.7,78.85,78.55,78.84,821.0
2025-09-23 12:00:00,2025-09-23,12:00:00,78.86,79.07,78.69,78.77,1519.0
2025-09-23 13:00:00,2025-09-23,13:00:00,78.75,79.51,78.72,79.43,2763.0
2025-09-23 14:00:00,2025-09-23,14:00:00,79.43,79.53,79.18,79.23,1646.0
2025-09-23 15:00:00,2025-09-23,15:00:00,79.23,79.26,78.92,78.99,2004.0
2025-09-24 06:00:00,2025-09-24,06:00:00,78.92,79.06,78.82,78.98,716.0
2025-09-24 07:00:00,2025-09-24,07:00:00,78.96,78.96,78.05,78.18,3194.0
2025-09-24 08:00:00,2025-09-24,08:00:00,78.19,78.48,78.14,78.4,2180.0
2025-09-24 09:00:00,2025-09-24,09:00:00,78.4,78.44,78.18,78.31,1346.0
2025-09-24 10:00:00,2025-09-24,10:00:00,78.33,78.58,78.2,78.43,1806.0
2025-09-24 11:00:00,2025-09-24,11:00:00,78.42,78.72,78.3,78.51,1527.0
2025-09-24 12:00:00,2025-09-24,12:00:00,78.56,78.6,78.32,78.32,1614.0
2025-09-24 13:00:00,2025-09-24,13:00:00,78.31,78.56,78.31,78.42,1142.0
2025-09-24 14:00:00,2025-09-24,14:00:00,78.43,78.48,78.22,78.24,1116.0
2025-09-24 15:00:00,2025-09-24,15:00:00,78.26,78.52,78.17,78.38,2235.0
2025-09-25 06:00:00,2025-09-25,06:00:00,78.31,78.58,78.31,78.33,1137.0
2025-09-25 07:00:00,2025-09-25,07:00:00,78.35,78.78,78.35,78.69,1562.0
2025-09-25 08:00:00,2025-09-25,08:00:00,78.69,78.87,78.4,78.4,2018.0
2025-09-25 09:00:00,2025-09-25,09:00:00,78.4,78.41,77.64,78.13,5048.0
2025-09-25 10:00:00,2025-09-25,10:00:00,78.13,78.13,77.74,77.84,1792.0
2025-09-25 11:00:00,2025-09-25,11:00:00,77.84,78.14,77.75,78.05,1814.0
2025-09-25 12:00:00,2025-09-25,12:00:00,78.05,78.11,77.78,77.99,1667.0
2025-09-25 13:00:00,2025-09-25,13:00:00,78,78.23,77.95,77.98,1207.0
2025-09-25 14:00:00,2025-09-25,14:00:00,78.01,78.14,77.9,78.05,1258.0
2025-09-25 15:00:00,2025-09-25,15:00:00,78.07,78.11,77.78,77.82,2213.0
2025-09-26 06:00:00,2025-09-26,06:00:00,77.81,78.07,77.57,77.79,1130.0
2025-09-26 07:00:00,2025-09-26,07:00:00,77.8,78.11,77.58,77.75,1528.0
2025-09-26 08:00:00,2025-09-26,08:00:00,77.74,77.92,77.53,77.54,1460.0
2025-09-26 09:00:00,2025-09-26,09:00:00,77.54,77.78,77.43,77.61,2693.0
2025-09-26 10:00:00,2025-09-26,10:00:00,77.59,77.65,77.38,77.64,1427.0
2025-09-26 11:00:00,2025-09-26,11:00:00,77.63,78.04,77.62,77.97,1633.0
2025-09-26 12:00:00,2025-09-26,12:00:00,77.97,78.14,77.77,77.95,1367.0
2025-09-26 13:00:00,2025-09-26,13:00:00,77.97,78.38,77.83,78.26,1319.0
2025-09-26 14:00:00,2025-09-26,14:00:00,78.25,78.35,78.1,78.28,1160.0
2025-09-26 15:00:00,2025-09-26,15:00:00,78.28,78.38,78.01,78.17,1962.0
2025-09-29 06:00:00,2025-09-29,06:00:00,78.13,78.13,77.38,77.62,2055.0
2025-09-29 07:00:00,2025-09-29,07:00:00,77.61,77.73,77.34,77.65,2288.0
2025-09-29 08:00:00,2025-09-29,08:00:00,77.63,77.87,77.53,77.75,1673.0
2025-09-29 09:00:00,2025-09-29,09:00:00,77.77,78.75,77.77,78.51,4730.0
2025-09-29 10:00:00,2025-09-29,10:00:00,78.53,78.56,78.2,78.31,1002.0
2025-09-29 11:00:00,2025-09-29,11:00:00,78.29,78.77,78.04,78.66,1956.0
2025-09-29 12:00:00,2025-09-29,12:00:00,78.65,78.69,78.39,78.46,935.0
2025-09-29 13:00:00,2025-09-29,13:00:00,78.48,78.5,78.31,78.37,1035.0
2025-09-29 14:00:00,2025-09-29,14:00:00,78.37,79.08,78.36,79.08,2885.0
2025-09-29 15:00:00,2025-09-29,15:00:00,79.06,79.25,78.74,78.88,3138.0
2025-09-30 06:00:00,2025-09-30,06:00:00,79.07,79.08,78.65,78.74,914.0
2025-09-30 07:00:00,2025-09-30,07:00:00,78.74,78.88,78.53,78.69,1579.0
2025-09-30 08:00:00,2025-09-30,08:00:00,78.7,78.81,78.58,78.69,1682.0
2025-09-30 09:00:00,2025-09-30,09:00:00,78.68,78.68,78.38,78.43,2350.0
2025-09-30 10:00:00,2025-09-30,10:00:00,78.44,78.67,78.35,78.6,1074.0
2025-09-30 11:00:00,2025-09-30,11:00:00,78.59,78.88,78.29,78.77,2895.0
2025-09-30 12:00:00,2025-09-30,12:00:00,78.75,78.79,78.49,78.6,1464.0
2025-09-30 13:00:00,2025-09-30,13:00:00,78.59,78.78,77.88,78.04,3739.0
2025-09-30 14:00:00,2025-09-30,14:00:00,78.04,78.2,77.9,78.08,2251.0
2025-09-30 15:00:00,2025-09-30,15:00:00,78.08,78.15,77.85,77.97,2238.0
2025-10-01 06:00:00,2025-10-01,06:00:00,77.89,78.2,77.8,77.84,999.0
2025-10-01 07:00:00,2025-10-01,07:00:00,77.86,77.86,77.46,77.48,2394.0
2025-10-01 08:00:00,2025-10-01,08:00:00,77.48,77.64,76.98,77.01,4361.0
2025-10-01 09:00:00,2025-10-01,09:00:00,77.03,77.14,76.79,77.1,3619.0
2025-10-01 10:00:00,2025-10-01,10:00:00,77.12,77.19,76.97,77.08,1197.0
2025-10-01 11:00:00,2025-10-01,11:00:00,77.09,77.25,76.91,77.16,1271.0
2025-10-01 12:00:00,2025-10-01,12:00:00,77.18,77.8,77.11,77.57,2987.0
2025-10-01 13:00:00,2025-10-01,13:00:00,77.57,77.78,77.5,77.59,1840.0
2025-10-01 14:00:00,2025-10-01,14:00:00,77.58,78.84,77.38,78.77,5828.0
2025-10-01 15:00:00,2025-10-01,15:00:00,78.77,78.79,78.54,78.77,2445.0
2025-10-02 06:00:00,2025-10-02,06:00:00,78.63,79.15,78.61,79.12,1540.0
2025-10-02 07:00:00,2025-10-02,07:00:00,79.12,79.12,78.83,78.86,1326.0
2025-10-02 08:00:00,2025-10-02,08:00:00,78.86,78.98,78.6,78.71,1749.0
2025-10-02 09:00:00,2025-10-02,09:00:00,78.72,79.01,78.53,78.66,1430.0
2025-10-02 10:00:00,2025-10-02,10:00:00,78.66,78.73,78.46,78.6,1055.0
2025-10-02 11:00:00,2025-10-02,11:00:00,78.59,78.64,78.43,78.49,1060.0
2025-10-02 12:00:00,2025-10-02,12:00:00,78.51,78.9,78.39,78.86,1567.0
2025-10-02 13:00:00,2025-10-02,13:00:00,78.83,79.86,78.71,79.73,5742.0
2025-10-02 14:00:00,2025-10-02,14:00:00,79.71,80.08,79.43,79.83,4861.0
2025-10-02 15:00:00,2025-10-02,15:00:00,79.82,79.92,79.5,79.6,3006.0
2025-10-03 06:00:00,2025-10-03,06:00:00,79.93,80.18,79.8,79.9,2200.0
2025-10-03 07:00:00,2025-10-03,07:00:00,79.9,80.68,79.85,80.56,4189.0
2025-10-03 08:00:00,2025-10-03,08:00:00,80.57,81.55,80.37,81.28,6078.0
2025-10-03 09:00:00,2025-10-03,09:00:00,81.28,81.31,80.98,81.08,2144.0
2025-10-03 10:00:00,2025-10-03,10:00:00,81.07,81.19,80.94,81.14,1332.0
2025-10-03 11:00:00,2025-10-03,11:00:00,81.19,81.22,80.84,80.88,968.0
2025-10-03 12:00:00,2025-10-03,12:00:00,80.88,81.08,80.72,80.99,2057.0
2025-10-03 13:00:00,2025-10-03,13:00:00,80.98,81.39,80.92,81.17,2642.0
2025-10-03 14:00:00,2025-10-03,14:00:00,81.17,81.44,81.07,81.43,2119.0
2025-10-03 15:00:00,2025-10-03,15:00:00,81.42,81.83,81.29,81.73,4186.0
2025-10-06 06:00:00,2025-10-06,06:00:00,82,82.12,81.6,81.99,2765.0
2025-10-06 07:00:00,2025-10-06,07:00:00,81.97,82.25,81.73,81.95,3230.0
2025-10-06 08:00:00,2025-10-06,08:00:00,81.94,82.04,81.51,81.68,3202.0
2025-10-06 09:00:00,2025-10-06,09:00:00,81.68,82.03,81.65,81.93,2295.0
2025-10-06 10:00:00,2025-10-06,10:00:00,81.91,82.39,81.77,82.11,1560.0
2025-10-06 11:00:00,2025-10-06,11:00:00,82.11,82.15,81.78,81.82,1763.0
2025-10-06 12:00:00,2025-10-06,12:00:00,81.81,81.9,81.45,81.48,2645.0
2025-10-06 13:00:00,2025-10-06,13:00:00,81.5,81.65,80.89,81.3,4103.0
2025-10-06 14:00:00,2025-10-06,14:00:00,81.32,81.43,81.13,81.17,1488.0
2025-10-06 15:00:00,2025-10-06,15:00:00,81.18,81.35,80.93,81.08,3219.0
2025-10-07 06:00:00,2025-10-07,06:00:00,81.03,81.35,80.95,81.19,1775.0
2025-10-07 07:00:00,2025-10-07,07:00:00,81.18,81.41,80.75,80.93,2897.0
2025-10-07 08:00:00,2025-10-07,08:00:00,80.92,81.04,80.59,80.94,2560.0
2025-10-07 09:00:00,2025-10-07,09:00:00,80.97,81.08,80.78,80.98,2433.0
2025-10-07 10:00:00,2025-10-07,10:00:00,80.99,81.2,80.86,81.17,1370.0
2025-10-07 11:00:00,2025-10-07,11:00:00,81.17,81.4,80.89,80.91,1802.0
2025-10-07 12:00:00,2025-10-07,12:00:00,80.89,81.12,80.68,80.72,1354.0
2025-10-07 13:00:00,2025-10-07,13:00:00,80.71,81.03,80.7,80.86,1573.0
2025-10-07 14:00:00,2025-10-07,14:00:00,80.87,80.88,80.28,80.45,3121.0
2025-10-07 15:00:00,2025-10-07,15:00:00,80.45,80.74,80.34,80.6,2305.0
2025-10-08 06:00:00,2025-10-08,06:00:00,80.42,80.82,80.42,80.51,623.0
2025-10-08 07:00:00,2025-10-08,07:00:00,80.54,80.81,80.18,80.81,2353.0
2025-10-08 08:00:00,2025-10-08,08:00:00,80.81,80.86,80.5,80.53,1797.0
2025-10-08 09:00:00,2025-10-08,09:00:00,80.54,81.26,80.3,81.12,2703.0
2025-10-08 10:00:00,2025-10-08,10:00:00,81.09,81.37,81.01,81.01,1130.0
2025-10-08 11:00:00,2025-10-08,11:00:00,81.03,81.15,80.78,80.87,996.0
2025-10-08 12:00:00,2025-10-08,12:00:00,80.85,80.99,80.73,80.76,1188.0
2025-10-08 13:00:00,2025-10-08,13:00:00,80.76,80.87,80.3,80.46,2337.0
2025-10-08 14:00:00,2025-10-08,14:00:00,80.46,80.99,80.46,80.92,1341.0
2025-10-08 15:00:00,2025-10-08,15:00:00,80.9,81.57,80.9,81.38,2535.0
2025-10-09 06:00:00,2025-10-09,06:00:00,81.18,81.18,80.74,80.88,1449.0
2025-10-09 07:00:00,2025-10-09,07:00:00,80.86,80.94,80.6,80.62,1899.0
2025-10-09 08:00:00,2025-10-09,08:00:00,80.61,80.7,80.32,80.68,2145.0
2025-10-09 09:00:00,2025-10-09,09:00:00,80.68,81.17,80.55,80.6,2237.0
2025-10-09 10:00:00,2025-10-09,10:00:00,80.59,80.68,80.4,80.63,1428.0
2025-10-09 11:00:00,2025-10-09,11:00:00,80.63,80.73,80.41,80.47,1159.0
2025-10-09 12:00:00,2025-10-09,12:00:00,80.49,80.87,80.41,80.71,1298.0
2025-10-09 13:00:00,2025-10-09,13:00:00,80.7,81.01,80.69,80.79,1339.0
2025-10-09 14:00:00,2025-10-09,14:00:00,80.81,81.61,80.81,81.58,3148.0
2025-10-09 15:00:00,2025-10-09,15:00:00,81.58,81.82,81.4,81.52,2916.0
2025-10-10 06:00:00,2025-10-10,06:00:00,81.5,81.69,81.29,81.33,1146.0
2025-10-10 07:00:00,2025-10-10,07:00:00,81.35,81.9,81.32,81.67,1925.0
2025-10-10 08:00:00,2025-10-10,08:00:00,81.68,82.24,81.67,81.95,2930.0
2025-10-10 09:00:00,2025-10-10,09:00:00,81.93,82.16,81.66,82.07,1787.0
2025-10-10 10:00:00,2025-10-10,10:00:00,82.06,82.59,81.97,82.17,2310.0
2025-10-10 11:00:00,2025-10-10,11:00:00,82.17,82.38,81.98,82.03,1425.0
2025-10-10 12:00:00,2025-10-10,12:00:00,82.02,82.37,81.7,82.15,2977.0
2025-10-10 13:00:00,2025-10-10,13:00:00,82.15,82.65,82.11,82.57,2594.0
2025-10-10 14:00:00,2025-10-10,14:00:00,82.59,82.61,82.39,82.45,1710.0
2025-10-10 15:00:00,2025-10-10,15:00:00,82.43,82.44,81.49,81.53,5329.0
2025-10-13 06:00:00,2025-10-13,06:00:00,81.82,82.02,81.02,81.24,2931.0
2025-10-13 07:00:00,2025-10-13,07:00:00,81.23,82,81.08,81.57,3139.0
2025-10-13 08:00:00,2025-10-13,08:00:00,81.54,81.55,81.04,81.38,2251.0
2025-10-13 09:00:00,2025-10-13,09:00:00,81.4,81.4,80.67,80.82,3050.0
2025-10-13 10:00:00,2025-10-13,10:00:00,80.82,80.96,80.63,80.95,1761.0
2025-10-13 11:00:00,2025-10-13,11:00:00,80.96,80.97,80.74,80.95,969.0
2025-10-13 12:00:00,2025-10-13,12:00:00,80.95,80.97,80.39,80.55,3159.0
2025-10-13 13:00:00,2025-10-13,13:00:00,80.55,80.66,80.12,80.56,3486.0
2025-10-13 14:00:00,2025-10-13,14:00:00,80.55,80.57,80.25,80.47,1799.0
2025-10-13 15:00:00,2025-10-13,15:00:00,80.46,80.46,80.04,80.13,2444.0
2025-10-14 06:00:00,2025-10-14,06:00:00,80.18,80.18,79.55,79.55,3314.0
2025-10-14 07:00:00,2025-10-14,07:00:00,79.58,79.73,79.38,79.51,3307.0
2025-10-14 08:00:00,2025-10-14,08:00:00,79.53,79.68,79.38,79.6,1870.0
2025-10-14 09:00:00,2025-10-14,09:00:00,79.62,79.66,79.13,79.35,3525.0
2025-10-14 10:00:00,2025-10-14,10:00:00,79.35,79.45,79.12,79.16,1804.0
2025-10-14 11:00:00,2025-10-14,11:00:00,79.14,79.45,79.09,79.37,2030.0
2025-10-14 12:00:00,2025-10-14,12:00:00,79.38,79.42,79.1,79.26,1910.0
2025-10-14 13:00:00,2025-10-14,13:00:00,79.25,79.53,79.25,79.42,2050.0
2025-10-14 14:00:00,2025-10-14,14:00:00,79.45,79.45,79.23,79.35,1289.0
2025-10-14 15:00:00,2025-10-14,15:00:00,79.37,79.4,78.97,79.01,3167.0
2025-10-15 06:00:00,2025-10-15,06:00:00,79.01,79.81,78.96,79.81,1889.0
2025-10-15 07:00:00,2025-10-15,07:00:00,79.8,79.81,79.48,79.61,1225.0
2025-10-15 08:00:00,2025-10-15,08:00:00,79.62,79.65,79.2,79.22,1750.0
2025-10-15 09:00:00,2025-10-15,09:00:00,79.23,79.71,79.23,79.63,1901.0
2025-10-15 10:00:00,2025-10-15,10:00:00,79.63,79.76,79.51,79.76,671.0
2025-10-15 11:00:00,2025-10-15,11:00:00,79.76,80.02,79.68,79.8,1552.0
2025-10-15 12:00:00,2025-10-15,12:00:00,79.81,79.81,79.36,79.36,1634.0
2025-10-15 13:00:00,2025-10-15,13:00:00,79.38,79.73,79.33,79.68,1604.0
2025-10-15 14:00:00,2025-10-15,14:00:00,79.66,80.58,79.63,80.39,4586.0
2025-10-15 15:00:00,2025-10-15,15:00:00,80.39,80.44,80.09,80.34,2951.0
2025-10-16 06:00:00,2025-10-16,06:00:00,80.34,80.57,80.22,80.26,1371.0
2025-10-16 07:00:00,2025-10-16,07:00:00,80.26,80.39,80.04,80.06,1744.0
2025-10-16 08:00:00,2025-10-16,08:00:00,80.06,80.51,79.89,80.38,2087.0
2025-10-16 09:00:00,2025-10-16,09:00:00,80.37,81.13,80.36,81.02,2754.0
2025-10-16 10:00:00,2025-10-16,10:00:00,81.04,81.17,80.96,80.96,1097.0
2025-10-16 11:00:00,2025-10-16,11:00:00,80.98,81.18,80.92,81.1,1065.0
2025-10-16 12:00:00,2025-10-16,12:00:00,81.09,81.28,80.96,81.14,1719.0
2025-10-16 13:00:00,2025-10-16,13:00:00,81.15,81.97,81.08,81.62,5190.0
2025-10-16 14:00:00,2025-10-16,14:00:00,81.63,81.94,81.44,81.65,2984.0
2025-10-16 15:00:00,2025-10-16,15:00:00,81.68,81.93,81.53,81.66,3089.0
2025-10-17 06:00:00,2025-10-17,06:00:00,81.27,81.43,80.97,81.05,2260.0
2025-10-17 07:00:00,2025-10-17,07:00:00,81.05,81.05,80.4,80.69,4316.0
2025-10-17 08:00:00,2025-10-17,08:00:00,80.69,80.83,80.49,80.7,2057.0
2025-10-17 09:00:00,2025-10-17,09:00:00,80.72,81.53,80.63,81.29,2798.0
2025-10-17 10:00:00,2025-10-17,10:00:00,81.29,81.62,81.18,81.21,1735.0
2025-10-17 11:00:00,2025-10-17,11:00:00,81.23,81.75,81.21,81.65,1452.0
2025-10-17 12:00:00,2025-10-17,12:00:00,81.65,82.11,81.6,81.96,2383.0
2025-10-17 13:00:00,2025-10-17,13:00:00,81.98,82.18,81.83,81.86,1965.0
2025-10-17 14:00:00,2025-10-17,14:00:00,81.86,82.15,81.72,81.73,2128.0
2025-10-17 15:00:00,2025-10-17,15:00:00,81.74,81.84,81.51,81.67,2326.0
2025-10-20 06:00:00,2025-10-20,06:00:00,81.78,82.03,81.29,81.49,1045.0
2025-10-20 07:00:00,2025-10-20,07:00:00,81.48,81.87,81.26,81.36,1758.0
2025-10-20 08:00:00,2025-10-20,08:00:00,81.38,81.63,81.13,81.5,1926.0
2025-10-20 09:00:00,2025-10-20,09:00:00,81.49,81.93,81.28,81.57,2122.0
2025-10-20 10:00:00,2025-10-20,10:00:00,81.58,81.72,81.39,81.41,910.0
2025-10-20 11:00:00,2025-10-20,11:00:00,81.41,81.54,81.28,81.31,1051.0
2025-10-20 12:00:00,2025-10-20,12:00:00,81.31,81.32,80.93,81.27,2107.0
2025-10-20 13:00:00,2025-10-20,13:00:00,81.26,81.93,81.1,81.79,2568.0
2025-10-20 14:00:00,2025-10-20,14:00:00,81.78,82.22,81.74,81.92,2370.0
2025-10-20 15:00:00,2025-10-20,15:00:00,81.94,82.24,81.84,82.18,2369.0
2025-10-21 06:00:00,2025-10-21,06:00:00,82.09,82.27,81.64,81.74,1813.0
2025-10-21 07:00:00,2025-10-21,07:00:00,81.73,81.86,81.53,81.62,1781.0
2025-10-21 08:00:00,2025-10-21,08:00:00,81.59,81.74,81.2,81.44,3049.0
2025-10-21 09:00:00,2025-10-21,09:00:00,81.47,81.7,81.45,81.54,1546.0
2025-10-21 10:00:00,2025-10-21,10:00:00,81.55,82,81.5,81.97,1398.0
2025-10-21 11:00:00,2025-10-21,11:00:00,81.98,82.03,81.79,81.98,913.0
2025-10-21 12:00:00,2025-10-21,12:00:00,81.99,82.07,81.33,81.47,1847.0
2025-10-21 13:00:00,2025-10-21,13:00:00,81.47,81.6,81.25,81.57,1769.0
2025-10-21 14:00:00,2025-10-21,14:00:00,81.57,82,81.54,81.96,1456.0
2025-10-21 15:00:00,2025-10-21,15:00:00,81.96,82.01,81.54,81.68,2073.0
2025-10-22 06:00:00,2025-10-22,06:00:00,81.68,81.86,81.53,81.84,875.0
2025-10-22 07:00:00,2025-10-22,07:00:00,81.84,81.92,81.43,81.75,1412.0
2025-10-22 08:00:00,2025-10-22,08:00:00,81.74,81.8,81.25,81.41,2236.0
2025-10-22 09:00:00,2025-10-22,09:00:00,81.42,81.43,81.06,81.28,1925.0
2025-10-22 10:00:00,2025-10-22,10:00:00,81.27,81.67,81.21,81.38,1262.0
2025-10-22 11:00:00,2025-10-22,11:00:00,81.34,81.63,81.34,81.45,979.0
2025-10-22 12:00:00,2025-10-22,12:00:00,81.44,81.63,81.37,81.4,1135.0
2025-10-22 13:00:00,2025-10-22,13:00:00,81.42,81.48,80.59,80.73,4418.0
2025-10-22 14:00:00,2025-10-22,14:00:00,80.73,80.88,80.43,80.71,3109.0
2025-10-22 15:00:00,2025-10-22,15:00:00,80.71,81.06,80.63,80.74,2589.0
2025-10-23 06:00:00,2025-10-23,06:00:00,80.76,81.02,80.63,80.83,1438.0
2025-10-23 07:00:00,2025-10-23,07:00:00,80.84,81.46,80.84,81.39,2706.0
2025-10-23 08:00:00,2025-10-23,08:00:00,81.39,81.46,80.81,81.04,2467.0
2025-10-23 09:00:00,2025-10-23,09:00:00,81.04,81.47,80.92,81.12,1875.0
2025-10-23 10:00:00,2025-10-23,10:00:00,81.11,81.16,80.88,80.92,638.0
2025-10-23 11:00:00,2025-10-23,11:00:00,80.95,80.98,80.46,80.52,2161.0
2025-10-23 12:00:00,2025-10-23,12:00:00,80.51,80.77,80.3,80.74,2511.0
2025-10-23 13:00:00,2025-10-23,13:00:00,80.76,80.93,80.55,80.68,1711.0
2025-10-23 14:00:00,2025-10-23,14:00:00,80.68,80.83,80.61,80.69,1206.0
2025-10-23 15:00:00,2025-10-23,15:00:00,80.7,80.78,80.41,80.52,1953.0
2025-10-24 06:00:00,2025-10-24,06:00:00,80.77,80.77,80.41,80.54,883.0
2025-10-24 07:00:00,2025-10-24,07:00:00,80.54,80.8,80.48,80.8,1269.0
2025-10-24 08:00:00,2025-10-24,08:00:00,80.81,81.17,80.8,81.01,2051.0
2025-10-24 09:00:00,2025-10-24,09:00:00,80.97,81.07,80.68,80.83,828.0
2025-10-24 10:00:00,2025-10-24,10:00:00,80.81,80.83,80.58,80.78,540.0
2025-10-24 11:00:00,2025-10-24,11:00:00,80.77,80.84,80.48,80.61,665.0
2025-10-24 12:00:00,2025-10-24,12:00:00,80.59,80.83,80.46,80.5,1260.0
2025-10-24 13:00:00,2025-10-24,13:00:00,80.5,80.51,80.19,80.3,2455.0
2025-10-24 14:00:00,2025-10-24,14:00:00,80.3,80.72,80.23,80.7,1507.0
2025-10-24 15:00:00,2025-10-24,15:00:00,80.69,80.77,80.54,80.66,2319.0
2025-10-27 07:00:00,2025-10-27,07:00:00,80.58,80.58,80.03,80.15,1764.0
2025-10-27 08:00:00,2025-10-27,08:00:00,80.15,80.28,79.69,80,3370.0
2025-10-27 09:00:00,2025-10-27,09:00:00,79.99,80.18,79.93,80.03,1874.0
2025-10-27 10:00:00,2025-10-27,10:00:00,80.04,80.13,79.43,79.61,3744.0
2025-10-27 11:00:00,2025-10-27,11:00:00,79.6,79.76,79.42,79.45,1023.0
2025-10-27 12:00:00,2025-10-27,12:00:00,79.44,79.56,79.38,79.39,1400.0
2025-10-27 13:00:00,2025-10-27,13:00:00,79.41,79.71,79.29,79.69,1949.0
2025-10-27 14:00:00,2025-10-27,14:00:00,79.67,79.72,79.53,79.61,1330.0
2025-10-27 15:00:00,2025-10-27,15:00:00,79.61,79.98,79.59,79.87,1772.0
2025-10-27 16:00:00,2025-10-27,16:00:00,79.89,80.14,79.86,79.99,1687.0
2025-10-28 07:00:00,2025-10-28,07:00:00,80.22,80.32,79.89,80.06,1191.0
2025-10-28 08:00:00,2025-10-28,08:00:00,80.06,80.36,79.78,80.27,2060.0
2025-10-28 09:00:00,2025-10-28,09:00:00,80.27,80.68,80.23,80.44,2199.0
2025-10-28 10:00:00,2025-10-28,10:00:00,80.43,81.06,80.36,80.85,3319.0
2025-10-28 11:00:00,2025-10-28,11:00:00,80.86,81.06,80.73,80.74,1524.0
2025-10-28 12:00:00,2025-10-28,12:00:00,80.77,81.04,80.65,80.98,998.0
2025-10-28 13:00:00,2025-10-28,13:00:00,80.98,81.05,80.8,80.93,1513.0
2025-10-28 14:00:00,2025-10-28,14:00:00,80.94,81.16,80.77,80.8,1603.0
2025-10-28 15:00:00,2025-10-28,15:00:00,80.79,80.83,80.51,80.65,1475.0
2025-10-28 16:00:00,2025-10-28,16:00:00,80.62,80.71,80.53,80.66,1794.0
2025-10-29 07:00:00,2025-10-29,07:00:00,80.93,81.41,80.82,81.07,2117.0
2025-10-29 08:00:00,2025-10-29,08:00:00,81.06,81.15,80.71,80.75,1612.0
2025-10-29 09:00:00,2025-10-29,09:00:00,80.75,81.15,80.74,81.11,1408.0
2025-10-29 10:00:00,2025-10-29,10:00:00,81.12,81.14,80.57,80.73,2276.0
2025-10-29 11:00:00,2025-10-29,11:00:00,80.71,80.73,80.46,80.63,1308.0
2025-10-29 12:00:00,2025-10-29,12:00:00,80.61,80.81,80.53,80.72,808.0
2025-10-29 13:00:00,2025-10-29,13:00:00,80.72,81.21,80.63,81.07,2048.0
2025-10-29 14:00:00,2025-10-29,14:00:00,81.08,81.13,80.8,80.86,1061.0
2025-10-29 15:00:00,2025-10-29,15:00:00,80.85,80.96,80.63,80.91,1018.0
2025-10-29 16:00:00,2025-10-29,16:00:00,80.93,81.21,80.9,81.09,1700.0
2025-10-30 07:00:00,2025-10-30,07:00:00,81.14,81.53,80.98,81.06,1890.0
2025-10-30 08:00:00,2025-10-30,08:00:00,81.06,81.66,80.97,81.23,2153.0
2025-10-30 09:00:00,2025-10-30,09:00:00,81.23,81.39,81.16,81.17,1216.0
2025-10-30 10:00:00,2025-10-30,10:00:00,81.16,81.81,81.16,81.7,2657.0
2025-10-30 11:00:00,2025-10-30,11:00:00,81.69,81.82,81.43,81.57,1118.0
2025-10-30 12:00:00,2025-10-30,12:00:00,81.58,81.73,81.46,81.55,964.0
2025-10-30 13:00:00,2025-10-30,13:00:00,81.54,81.73,81.4,81.55,1521.0
2025-10-30 14:00:00,2025-10-30,14:00:00,81.56,81.61,81.09,81.12,2503.0
2025-10-30 15:00:00,2025-10-30,15:00:00,81.14,81.36,81.04,81.08,1928.0
2025-10-30 16:00:00,2025-10-30,16:00:00,81.06,81.11,80.82,80.88,2047.0
2025-10-31 07:00:00,2025-10-31,07:00:00,81.07,81.16,80.74,81.11,1247.0
2025-10-31 08:00:00,2025-10-31,08:00:00,81.12,81.33,81.03,81.22,1140.0
2025-10-31 09:00:00,2025-10-31,09:00:00,81.22,81.4,81.03,81.25,1528.0
2025-10-31 10:00:00,2025-10-31,10:00:00,81.26,81.41,80.93,81.07,1368.0
2025-10-31 11:00:00,2025-10-31,11:00:00,81.05,81.16,80.78,81.06,1243.0
2025-10-31 12:00:00,2025-10-31,12:00:00,81.04,81.07,80.31,80.36,2738.0
2025-10-31 13:00:00,2025-10-31,13:00:00,80.37,80.69,80.29,80.69,2248.0
2025-10-31 14:00:00,2025-10-31,14:00:00,80.68,80.78,80.57,80.65,1178.0
2025-10-31 15:00:00,2025-10-31,15:00:00,80.64,80.92,80.64,80.71,1216.0
2025-10-31 16:00:00,2025-10-31,16:00:00,80.71,80.9,80.64,80.82,1756.0
2025-11-03 07:00:00,2025-11-03,07:00:00,81.06,81.71,81.06,81.55,2525.0
2025-11-03 08:00:00,2025-11-03,08:00:00,81.54,82.1,81.51,81.74,3513.0
2025-11-03 09:00:00,2025-11-03,09:00:00,81.75,81.96,81.6,81.67,1643.0
2025-11-03 10:00:00,2025-11-03,10:00:00,81.67,82.8,81.65,82.76,7740.0
2025-11-03 11:00:00,2025-11-03,11:00:00,82.76,83.1,82.71,82.72,4214.0
2025-11-03 12:00:00,2025-11-03,12:00:00,82.73,83.22,82.69,83.02,2773.0
2025-11-03 13:00:00,2025-11-03,13:00:00,83,83.26,82.91,83.2,2577.0
2025-11-03 14:00:00,2025-11-03,14:00:00,83.19,84.03,83.15,83.65,6962.0
2025-11-03 15:00:00,2025-11-03,15:00:00,83.65,83.81,83.32,83.72,2819.0
2025-11-03 16:00:00,2025-11-03,16:00:00,83.72,83.86,83.38,83.78,3833.0
2025-11-04 07:00:00,2025-11-04,07:00:00,83.48,84.03,83.48,83.65,2684.0
2025-11-04 08:00:00,2025-11-04,08:00:00,83.65,84.11,83.45,84.11,2643.0
2025-11-04 09:00:00,2025-11-04,09:00:00,84.11,84.32,83.66,83.66,3426.0
2025-11-04 10:00:00,2025-11-04,10:00:00,83.66,83.84,83.46,83.68,1981.0
2025-11-04 11:00:00,2025-11-04,11:00:00,83.65,83.9,83.34,83.66,1689.0
2025-11-04 12:00:00,2025-11-04,12:00:00,83.69,84.12,83.63,84.07,1583.0
2025-11-04 13:00:00,2025-11-04,13:00:00,84.07,84.17,83.71,83.96,1927.0
2025-11-04 14:00:00,2025-11-04,14:00:00,83.97,84.35,83.94,84.17,2338.0
2025-11-04 15:00:00,2025-11-04,15:00:00,84.17,84.69,84.17,84.58,4260.0
2025-11-04 16:00:00,2025-11-04,16:00:00,84.58,84.63,84.37,84.56,3095.0
2025-11-05 07:00:00,2025-11-05,07:00:00,84.28,84.51,83.89,84.03,2467.0
2025-11-05 08:00:00,2025-11-05,08:00:00,84.04,84.38,83.71,83.72,2829.0
2025-11-05 09:00:00,2025-11-05,09:00:00,83.72,83.78,83.17,83.66,5063.0
2025-11-05 10:00:00,2025-11-05,10:00:00,83.67,83.95,83.67,83.72,1306.0
2025-11-05 11:00:00,2025-11-05,11:00:00,83.71,84.02,83.58,83.77,1066.0
2025-11-05 12:00:00,2025-11-05,12:00:00,83.77,83.82,83.36,83.68,1930.0
2025-11-05 13:00:00,2025-11-05,13:00:00,83.65,83.94,83.57,83.85,1706.0
2025-11-05 14:00:00,2025-11-05,14:00:00,83.86,83.9,83.48,83.59,1891.0
2025-11-05 15:00:00,2025-11-05,15:00:00,83.61,83.65,83.36,83.5,2045.0
2025-11-05 16:00:00,2025-11-05,16:00:00,83.51,83.81,83.48,83.7,2114.0
2025-11-06 07:00:00,2025-11-06,07:00:00,83.52,83.52,83.09,83.19,2435.0
2025-11-06 08:00:00,2025-11-06,08:00:00,83.21,83.4,82.63,82.74,5437.0
2025-11-06 09:00:00,2025-11-06,09:00:00,82.74,82.97,82.63,82.65,2884.0
2025-11-06 10:00:00,2025-11-06,10:00:00,82.65,82.95,82.48,82.89,3906.0
2025-11-06 11:00:00,2025-11-06,11:00:00,82.91,82.95,82.73,82.8,1725.0
2025-11-06 12:00:00,2025-11-06,12:00:00,82.79,82.98,82.69,82.69,1738.0
2025-11-06 13:00:00,2025-11-06,13:00:00,82.68,82.76,82.54,82.58,2575.0
2025-11-06 14:00:00,2025-11-06,14:00:00,82.57,82.71,82.4,82.62,2791.0
2025-11-06 15:00:00,2025-11-06,15:00:00,82.62,82.86,82.42,82.44,2337.0
2025-11-06 16:00:00,2025-11-06,16:00:00,82.43,82.73,82.42,82.61,2702.0
2025-11-07 07:00:00,2025-11-07,07:00:00,82.63,82.85,82.44,82.59,1192.0
2025-11-07 08:00:00,2025-11-07,08:00:00,82.61,82.96,82.32,82.43,2474.0
2025-11-07 09:00:00,2025-11-07,09:00:00,82.43,82.5,82.16,82.26,2062.0
2025-11-07 10:00:00,2025-11-07,10:00:00,82.28,82.43,82.01,82.12,1608.0
2025-11-07 11:00:00,2025-11-07,11:00:00,82.12,82.43,81.94,82.41,2492.0
2025-11-07 12:00:00,2025-11-07,12:00:00,82.39,82.41,81.93,82.01,1530.0
2025-11-07 13:00:00,2025-11-07,13:00:00,81.98,82.06,81.8,81.88,1569.0
2025-11-07 14:00:00,2025-11-07,14:00:00,81.85,81.93,81.8,81.89,1173.0
2025-11-07 15:00:00,2025-11-07,15:00:00,81.9,82.05,81.74,81.77,1631.0
2025-11-07 16:00:00,2025-11-07,16:00:00,81.75,81.96,81.7,81.83,2972.0
2025-11-10 07:00:00,2025-11-10,07:00:00,81.83,82.53,81.83,82.51,2285.0
2025-11-10 08:00:00,2025-11-10,08:00:00,82.52,82.63,82.07,82.41,2355.0
2025-11-10 09:00:00,2025-11-10,09:00:00,82.4,82.48,82.1,82.31,1892.0
2025-11-10 10:00:00,2025-11-10,10:00:00,82.31,82.63,82.29,82.45,2069.0
2025-11-10 11:00:00,2025-11-10,11:00:00,82.44,82.45,82.1,82.26,1237.0
2025-11-10 12:00:00,2025-11-10,12:00:00,82.24,82.29,81.55,81.6,1964.0
2025-11-10 13:00:00,2025-11-10,13:00:00,81.58,81.88,81.19,81.83,4228.0
2025-11-10 14:00:00,2025-11-10,14:00:00,81.85,82.18,81.68,82.06,1958.0
2025-11-10 15:00:00,2025-11-10,15:00:00,82.07,82.31,81.96,82.1,1237.0
2025-11-10 16:00:00,2025-11-10,16:00:00,82.11,82.48,82.06,82.29,2246.0
2025-11-11 07:00:00,2025-11-11,07:00:00,82.29,82.39,81.81,81.83,1187.0
2025-11-11 08:00:00,2025-11-11,08:00:00,81.83,82.23,81.78,81.99,1507.0
2025-11-11 09:00:00,2025-11-11,09:00:00,81.98,82.47,81.97,82.38,1887.0
2025-11-11 10:00:00,2025-11-11,10:00:00,82.39,82.49,82.15,82.34,1538.0
2025-11-11 11:00:00,2025-11-11,11:00:00,82.34,82.53,82.19,82.44,1175.0
2025-11-11 12:00:00,2025-11-11,12:00:00,82.44,82.73,82.21,82.46,1223.0
2025-11-11 13:00:00,2025-11-11,13:00:00,82.46,83.14,82.38,83.08,2350.0
2025-11-11 14:00:00,2025-11-11,14:00:00,83.09,83.18,82.8,83.02,1913.0
2025-11-11 15:00:00,2025-11-11,15:00:00,83.01,83.01,82.82,82.82,1386.0
2025-11-11 16:00:00,2025-11-11,16:00:00,82.8,83.07,82.78,82.98,2370.0
2025-11-12 07:00:00,2025-11-12,07:00:00,83.07,83.65,83.07,83.54,1637.0
2025-11-12 08:00:00,2025-11-12,08:00:00,83.54,84.23,83.45,84.05,4227.0
2025-11-12 09:00:00,2025-11-12,09:00:00,84.08,84.42,84,84.07,3815.0
2025-11-12 10:00:00,2025-11-12,10:00:00,84.05,84.12,83.86,83.92,1632.0
2025-11-12 11:00:00,2025-11-12,11:00:00,83.95,84.61,83.9,84.44,3666.0
2025-11-12 12:00:00,2025-11-12,12:00:00,84.44,84.65,84.19,84.27,1729.0
2025-11-12 13:00:00,2025-11-12,13:00:00,84.29,84.54,84.18,84.25,2096.0
2025-11-12 14:00:00,2025-11-12,14:00:00,84.27,84.28,84,84.03,2527.0
2025-11-12 15:00:00,2025-11-12,15:00:00,84.03,84.32,83.78,84.14,3111.0
2025-11-12 16:00:00,2025-11-12,16:00:00,84.12,84.3,84.08,84.23,2023.0
2025-11-13 07:00:00,2025-11-13,07:00:00,84.44,85.07,84.3,84.77,2762.0
2025-11-13 08:00:00,2025-11-13,08:00:00,84.76,84.84,84.05,84.13,2635.0
2025-11-13 09:00:00,2025-11-13,09:00:00,84.13,84.17,83.85,83.99,2281.0
2025-11-13 10:00:00,2025-11-13,10:00:00,83.98,84.1,83.63,83.99,2338.0
2025-11-13 11:00:00,2025-11-13,11:00:00,83.99,83.99,83.68,83.91,1217.0
2025-11-13 12:00:00,2025-11-13,12:00:00,83.91,84.11,83.68,83.78,1724.0
2025-11-13 13:00:00,2025-11-13,13:00:00,83.78,83.93,83.68,83.91,1353.0
2025-11-13 14:00:00,2025-11-13,14:00:00,83.91,84,83.83,83.94,1516.0
2025-11-13 15:00:00,2025-11-13,15:00:00,83.93,83.96,83.2,83.4,3710.0
2025-11-13 16:00:00,2025-11-13,16:00:00,83.41,83.77,83.41,83.62,2451.0
2025-11-14 07:00:00,2025-11-14,07:00:00,83.56,83.82,83.38,83.42,1688.0
2025-11-14 08:00:00,2025-11-14,08:00:00,83.41,83.44,83.11,83.17,1811.0
2025-11-14 09:00:00,2025-11-14,09:00:00,83.21,83.53,83.13,83.35,1717.0
2025-11-14 10:00:00,2025-11-14,10:00:00,83.35,84.03,83.34,83.67,2072.0
2025-11-14 11:00:00,2025-11-14,11:00:00,83.67,83.69,83.24,83.31,1497.0
2025-11-14 12:00:00,2025-11-14,12:00:00,83.31,83.45,83.16,83.23,1248.0
2025-11-14 13:00:00,2025-11-14,13:00:00,83.25,83.28,82.72,83.01,4470.0
2025-11-14 14:00:00,2025-11-14,14:00:00,83.01,83.38,82.95,83.37,2119.0
2025-11-14 15:00:00,2025-11-14,15:00:00,83.38,83.47,83.2,83.32,1331.0
2025-11-14 16:00:00,2025-11-14,16:00:00,83.33,83.37,83.05,83.19,2203.0
2025-11-17 07:00:00,2025-11-17,07:00:00,83.73,83.73,83.18,83.2,2496.0
2025-11-17 08:00:00,2025-11-17,08:00:00,83.2,83.24,82.79,82.82,2421.0
2025-11-17 09:00:00,2025-11-17,09:00:00,82.81,82.81,82.53,82.77,3236.0
2025-11-17 10:00:00,2025-11-17,10:00:00,82.76,82.84,82.28,82.51,3930.0
2025-11-17 11:00:00,2025-11-17,11:00:00,82.51,82.57,82.28,82.36,1242.0
2025-11-17 12:00:00,2025-11-17,12:00:00,82.37,82.47,82.19,82.39,1723.0
2025-11-17 13:00:00,2025-11-17,13:00:00,82.39,82.48,82.27,82.35,1652.0
2025-11-17 14:00:00,2025-11-17,14:00:00,82.37,82.51,82.1,82.47,3153.0
2025-11-17 15:00:00,2025-11-17,15:00:00,82.46,82.54,82.28,82.32,1997.0
2025-11-17 16:00:00,2025-11-17,16:00:00,82.32,82.32,82.06,82.1,3104.0
2025-11-18 07:00:00,2025-11-18,07:00:00,82.19,82.28,81.8,82.05,2672.0
2025-11-18 08:00:00,2025-11-18,08:00:00,82.07,82.63,81.99,82.48,2493.0
2025-11-18 09:00:00,2025-11-18,09:00:00,82.47,83.03,82.45,82.81,3305.0
2025-11-18 10:00:00,2025-11-18,10:00:00,82.81,83.65,82.77,83.52,4577.0
2025-11-18 11:00:00,2025-11-18,11:00:00,83.52,83.72,83.49,83.53,2537.0
2025-11-18 12:00:00,2025-11-18,12:00:00,83.53,83.61,83.21,83.47,1991.0
2025-11-18 13:00:00,2025-11-18,13:00:00,83.46,83.73,83.41,83.43,1540.0
2025-11-18 14:00:00,2025-11-18,14:00:00,83.45,83.61,83.19,83.22,1672.0
2025-11-18 15:00:00,2025-11-18,15:00:00,83.22,83.73,83.16,83.53,2159.0
2025-11-18 16:00:00,2025-11-18,16:00:00,83.53,83.63,83.28,83.43,2352.0
2025-11-19 07:00:00,2025-11-19,07:00:00,83.17,83.37,82.92,83,1645.0
2025-11-19 08:00:00,2025-11-19,08:00:00,82.99,83.05,82.71,82.79,2653.0
2025-11-19 09:00:00,2025-11-19,09:00:00,82.79,83.13,82.48,83.1,2176.0
2025-11-19 10:00:00,2025-11-19,10:00:00,83.11,83.28,82.93,83.05,1483.0
2025-11-19 11:00:00,2025-11-19,11:00:00,83.04,83.21,82.9,83.01,1081.0
2025-11-19 12:00:00,2025-11-19,12:00:00,83,83.21,82.81,82.85,1815.0
2025-11-19 13:00:00,2025-11-19,13:00:00,82.85,83.47,82.72,83.39,2410.0
2025-11-19 14:00:00,2025-11-19,14:00:00,83.39,83.87,83.22,83.54,3232.0
2025-11-19 15:00:00,2025-11-19,15:00:00,83.51,83.54,83.08,83.1,1888.0
2025-11-19 16:00:00,2025-11-19,16:00:00,83.1,83.18,82.73,82.85,3474.0
2025-11-20 07:00:00,2025-11-20,07:00:00,82.94,83.53,82.94,83.31,1281.0
2025-11-20 08:00:00,2025-11-20,08:00:00,83.31,83.69,83.29,83.51,1271.0
2025-11-20 09:00:00,2025-11-20,09:00:00,83.53,83.56,83.19,83.55,1664.0
2025-11-20 10:00:00,2025-11-20,10:00:00,83.52,83.88,83.39,83.42,2362.0
2025-11-20 11:00:00,2025-11-20,11:00:00,83.42,84.04,83.31,83.96,1956.0
2025-11-20 12:00:00,2025-11-20,12:00:00,83.96,84.17,83.8,83.82,1781.0
2025-11-20 13:00:00,2025-11-20,13:00:00,83.81,83.98,83.67,83.85,1579.0
2025-11-20 14:00:00,2025-11-20,14:00:00,83.86,83.91,83.66,83.73,1238.0
2025-11-20 15:00:00,2025-11-20,15:00:00,83.75,83.86,83.54,83.8,1328.0
2025-11-20 16:00:00,2025-11-20,16:00:00,83.8,83.81,83.23,83.27,3223.0
2025-11-21 07:00:00,2025-11-21,07:00:00,83.13,83.13,82.59,82.94,2963.0
2025-11-21 08:00:00,2025-11-21,08:00:00,82.94,83.28,82.85,83.23,1772.0
2025-11-21 09:00:00,2025-11-21,09:00:00,83.22,83.25,82.75,82.77,1477.0
2025-11-21 10:00:00,2025-11-21,10:00:00,82.76,82.93,82.32,82.83,4513.0
2025-11-21 11:00:00,2025-11-21,11:00:00,82.84,83.07,82.74,82.93,1199.0
2025-11-21 12:00:00,2025-11-21,12:00:00,82.98,82.99,82.76,82.76,1309.0
2025-11-21 13:00:00,2025-11-21,13:00:00,82.77,82.91,82.53,82.55,1607.0
2025-11-21 14:00:00,2025-11-21,14:00:00,82.57,82.74,82.51,82.66,1928.0
2025-11-21 15:00:00,2025-11-21,15:00:00,82.65,82.89,82.61,82.78,1432.0
2025-11-21 16:00:00,2025-11-21,16:00:00,82.78,82.85,82.61,82.73,2601.0
2025-11-24 07:00:00,2025-11-24,07:00:00,82.58,82.7,82.35,82.35,1888.0
2025-11-24 08:00:00,2025-11-24,08:00:00,82.36,82.66,82.21,82.51,2636.0
2025-11-24 09:00:00,2025-11-24,09:00:00,82.49,82.68,81.95,82.28,4712.0
2025-11-24 10:00:00,2025-11-24,10:00:00,82.29,82.53,82.02,82.21,2921.0
2025-11-24 11:00:00,2025-11-24,11:00:00,82.2,82.43,82.16,82.17,1313.0
2025-11-24 12:00:00,2025-11-24,12:00:00,82.17,82.19,81.85,81.85,1664.0
2025-11-24 13:00:00,2025-11-24,13:00:00,81.88,82.32,81.85,82.15,1421.0
2025-11-24 14:00:00,2025-11-24,14:00:00,82.14,82.23,82.05,82.12,1326.0
2025-11-24 15:00:00,2025-11-24,15:00:00,82.13,82.85,82.11,82.78,2720.0
2025-11-24 16:00:00,2025-11-24,16:00:00,82.78,83.18,82.69,82.93,2934.0
2025-11-25 07:00:00,2025-11-25,07:00:00,82.82,83.13,82.78,82.96,1084.0
2025-11-25 08:00:00,2025-11-25,08:00:00,82.95,83.66,82.95,83.52,3188.0
2025-11-25 09:00:00,2025-11-25,09:00:00,83.52,83.67,83.35,83.64,1814.0
2025-11-25 10:00:00,2025-11-25,10:00:00,83.65,83.65,83.28,83.55,1831.0
2025-11-25 11:00:00,2025-11-25,11:00:00,83.56,83.56,83.13,83.22,1433.0
2025-11-25 12:00:00,2025-11-25,12:00:00,83.21,83.32,82.77,83.18,3240.0
2025-11-25 13:00:00,2025-11-25,13:00:00,83.18,83.54,82.86,82.99,2808.0
2025-11-25 14:00:00,2025-11-25,14:00:00,83,83.24,82.88,83.14,2035.0
2025-11-25 15:00:00,2025-11-25,15:00:00,83.11,84.1,83.04,84.08,4679.0
2025-11-25 16:00:00,2025-11-25,16:00:00,84.08,84.48,83.93,84.23,5991.0
2025-11-26 07:00:00,2025-11-26,07:00:00,84.29,84.62,84.25,84.47,1881.0
2025-11-26 08:00:00,2025-11-26,08:00:00,84.47,84.54,84.04,84.2,2154.0
2025-11-26 09:00:00,2025-11-26,09:00:00,84.21,84.32,84.03,84.06,1707.0
2025-11-26 10:00:00,2025-11-26,10:00:00,84.07,84.08,83.82,83.99,2109.0
2025-11-26 11:00:00,2025-11-26,11:00:00,83.97,84.28,83.97,84.16,1647.0
2025-11-26 12:00:00,2025-11-26,12:00:00,84.19,84.23,84.02,84.03,1160.0
2025-11-26 13:00:00,2025-11-26,13:00:00,84.03,84.03,83.76,83.8,2034.0
2025-11-26 14:00:00,2025-11-26,14:00:00,83.79,84.08,83.68,83.89,2514.0
2025-11-26 15:00:00,2025-11-26,15:00:00,83.88,83.93,83.58,83.85,2462.0
2025-11-26 16:00:00,2025-11-26,16:00:00,83.85,84.05,83.71,83.78,2312.0
2025-11-27 07:00:00,2025-11-27,07:00:00,83.97,84,83.6,83.6,1157.0
2025-11-27 08:00:00,2025-11-27,08:00:00,83.6,83.72,83.46,83.71,1480.0
2025-11-27 09:00:00,2025-11-27,09:00:00,83.69,83.72,83.32,83.45,1959.0
2025-11-27 10:00:00,2025-11-27,10:00:00,83.45,83.56,83.29,83.55,1886.0
2025-11-27 11:00:00,2025-11-27,11:00:00,83.53,84.39,83.53,84.25,2820.0
2025-11-27 12:00:00,2025-11-27,12:00:00,84.25,84.28,84.04,84.2,1670.0
2025-11-27 13:00:00,2025-11-27,13:00:00,84.18,84.39,84.09,84.37,1838.0
2025-11-27 14:00:00,2025-11-27,14:00:00,84.37,84.8,84.32,84.69,3876.0
2025-11-27 15:00:00,2025-11-27,15:00:00,84.69,84.75,84.44,84.59,2919.0
2025-11-27 16:00:00,2025-11-27,16:00:00,84.59,84.66,84.45,84.51,2394.0
2025-11-28 07:00:00,2025-11-28,07:00:00,84.54,85.16,84.54,84.84,1685.0
2025-11-28 08:00:00,2025-11-28,08:00:00,84.84,85.35,84.82,84.98,3261.0
2025-11-28 09:00:00,2025-11-28,09:00:00,84.98,85.09,84.83,84.98,1397.0
2025-11-28 10:00:00,2025-11-28,10:00:00,84.98,85.25,84.86,85.14,1159.0
2025-11-28 11:00:00,2025-11-28,11:00:00,85.14,85.28,85.07,85.15,837.0
2025-11-28 12:00:00,2025-11-28,12:00:00,85.14,85.23,85.03,85.05,1114.0
2025-11-28 13:00:00,2025-11-28,13:00:00,85.06,85.13,84.9,85.05,1231.0
2025-11-28 14:00:00,2025-11-28,14:00:00,85.06,85.12,84.89,85.1,1039.0
2025-11-28 15:00:00,2025-11-28,15:00:00,85.11,85.6,85.06,85.4,4068.0
2025-11-28 16:00:00,2025-11-28,16:00:00,85.4,85.59,85.3,85.38,3943.0
2025-12-01 07:00:00,2025-12-01,07:00:00,85.28,85.39,84.93,85.26,2811.0
2025-12-01 08:00:00,2025-12-01,08:00:00,85.27,85.57,85.06,85.52,3439.0
2025-12-01 09:00:00,2025-12-01,09:00:00,85.51,85.65,85.24,85.45,2838.0
2025-12-01 10:00:00,2025-12-01,10:00:00,85.44,85.47,85.19,85.23,3063.0
2025-12-01 11:00:00,2025-12-01,11:00:00,85.22,85.28,85.1,85.26,1819.0
2025-12-01 12:00:00,2025-12-01,12:00:00,85.24,85.45,85.18,85.2,1419.0
2025-12-01 13:00:00,2025-12-01,13:00:00,85.2,85.42,85.2,85.23,1573.0
2025-12-01 14:00:00,2025-12-01,14:00:00,85.24,85.46,85.13,85.31,1668.0
2025-12-01 15:00:00,2025-12-01,15:00:00,85.31,85.34,85,85.03,1938.0
2025-12-01 16:00:00,2025-12-01,16:00:00,85.02,85.1,84.81,85,2429.0
2025-12-02 07:00:00,2025-12-02,07:00:00,84.78,84.84,84.38,84.47,1795.0
2025-12-02 08:00:00,2025-12-02,08:00:00,84.47,84.56,84.26,84.43,2271.0
2025-12-02 09:00:00,2025-12-02,09:00:00,84.41,84.84,84.41,84.65,2726.0
2025-12-02 10:00:00,2025-12-02,10:00:00,84.67,84.71,84.01,84.08,3955.0
2025-12-02 11:00:00,2025-12-02,11:00:00,84.06,84.32,84.05,84.19,1875.0
2025-12-02 12:00:00,2025-12-02,12:00:00,84.17,84.22,84.04,84.15,1702.0
2025-12-02 13:00:00,2025-12-02,13:00:00,84.15,84.21,83.82,83.91,2980.0
2025-12-02 14:00:00,2025-12-02,14:00:00,83.93,84.09,83.79,83.95,2193.0
2025-12-02 15:00:00,2025-12-02,15:00:00,83.94,84.34,83.91,84.15,3044.0
2025-12-02 16:00:00,2025-12-02,16:00:00,84.15,84.22,83.86,83.91,2732.0
2025-12-03 07:00:00,2025-12-03,07:00:00,84.16,84.27,83.87,84.23,1584.0
2025-12-03 08:00:00,2025-12-03,08:00:00,84.22,84.3,84,84.15,1934.0
2025-12-03 09:00:00,2025-12-03,09:00:00,84.15,84.62,84.11,84.49,2765.0
2025-12-03 10:00:00,2025-12-03,10:00:00,84.5,84.64,84.43,84.59,1040.0
2025-12-03 11:00:00,2025-12-03,11:00:00,84.59,84.6,84.31,84.38,1255.0
2025-12-03 12:00:00,2025-12-03,12:00:00,84.38,84.39,83.68,83.9,3609.0
2025-12-03 13:00:00,2025-12-03,13:00:00,83.9,84.03,83.7,83.76,1876.0
2025-12-03 14:00:00,2025-12-03,14:00:00,83.77,83.99,83.5,83.95,2984.0
2025-12-03 15:00:00,2025-12-03,15:00:00,83.98,84.11,83.82,83.98,1745.0
2025-12-03 16:00:00,2025-12-03,16:00:00,83.97,84.16,83.78,83.85,2168.0
2025-12-04 07:00:00,2025-12-04,07:00:00,83.83,83.83,83.56,83.77,1121.0
2025-12-04 08:00:00,2025-12-04,08:00:00,83.81,84,83.74,83.95,1640.0
2025-12-04 09:00:00,2025-12-04,09:00:00,83.96,83.96,83.56,83.69,2501.0
2025-12-04 10:00:00,2025-12-04,10:00:00,83.69,84.23,83.68,83.88,2512.0
2025-12-04 11:00:00,2025-12-04,11:00:00,83.88,84.02,83.63,83.99,1748.0
2025-12-04 12:00:00,2025-12-04,12:00:00,84,84.03,83.73,83.98,1004.0
2025-12-04 13:00:00,2025-12-04,13:00:00,83.99,84.68,83.98,84.46,4693.0
2025-12-04 14:00:00,2025-12-04,14:00:00,84.48,84.63,84.33,84.38,1800.0
2025-12-04 15:00:00,2025-12-04,15:00:00,84.4,84.96,84.39,84.79,3300.0
2025-12-04 16:00:00,2025-12-04,16:00:00,84.79,84.84,84.64,84.78,2832.0
2025-12-05 07:00:00,2025-12-05,07:00:00,84.75,84.93,84.55,84.69,1498.0
2025-12-05 08:00:00,2025-12-05,08:00:00,84.68,85.02,84.61,84.74,2189.0
2025-12-05 09:00:00,2025-12-05,09:00:00,84.75,84.75,84.41,84.47,1693.0
2025-12-05 10:00:00,2025-12-05,10:00:00,84.47,84.81,84.43,84.76,1850.0
2025-12-05 11:00:00,2025-12-05,11:00:00,84.75,84.79,84.38,84.53,1448.0
2025-12-05 12:00:00,2025-12-05,12:00:00,84.51,84.57,84.35,84.36,1346.0
2025-12-05 13:00:00,2025-12-05,13:00:00,84.34,84.45,84.04,84.09,2280.0
2025-12-05 14:00:00,2025-12-05,14:00:00,84.09,84.32,83.89,84.16,2141.0
2025-12-05 15:00:00,2025-12-05,15:00:00,84.15,84.37,84.05,84.27,1443.0
2025-12-05 16:00:00,2025-12-05,16:00:00,84.25,84.38,83.96,84.02,2577.0
2025-12-08 07:00:00,2025-12-08,07:00:00,84.02,84.53,83.94,84.37,1280.0
2025-12-08 08:00:00,2025-12-08,08:00:00,84.37,84.6,84.18,84.26,1226.0
2025-12-08 09:00:00,2025-12-08,09:00:00,84.26,84.38,84.08,84.35,1293.0
2025-12-08 10:00:00,2025-12-08,10:00:00,84.35,84.77,84.32,84.74,2035.0
2025-12-08 11:00:00,2025-12-08,11:00:00,84.74,84.86,84.49,84.61,1416.0
2025-12-08 12:00:00,2025-12-08,12:00:00,84.6,84.78,84.52,84.61,998.0
2025-12-08 13:00:00,2025-12-08,13:00:00,84.61,84.65,84.41,84.54,1107.0
2025-12-08 14:00:00,2025-12-08,14:00:00,84.54,84.8,84.51,84.62,1179.0
2025-12-08 15:00:00,2025-12-08,15:00:00,84.61,84.62,84.31,84.32,1193.0
2025-12-08 16:00:00,2025-12-08,16:00:00,84.31,84.33,84.11,84.2,2201.0
2025-12-09 07:00:00,2025-12-09,07:00:00,84.38,84.63,84.34,84.57,1122.0
2025-12-09 08:00:00,2025-12-09,08:00:00,84.58,84.9,84.53,84.73,2183.0
2025-12-09 09:00:00,2025-12-09,09:00:00,84.75,84.75,84.43,84.51,1871.0
2025-12-09 10:00:00,2025-12-09,10:00:00,84.51,84.57,84.29,84.31,1892.0
2025-12-09 11:00:00,2025-12-09,11:00:00,84.3,84.49,84.29,84.47,1232.0
2025-12-09 12:00:00,2025-12-09,12:00:00,84.47,84.77,84.4,84.41,1473.0
2025-12-09 13:00:00,2025-12-09,13:00:00,84.41,84.5,84.16,84.31,1741.0
2025-12-09 14:00:00,2025-12-09,14:00:00,84.31,85.23,84.29,85.2,3483.0
2025-12-09 15:00:00,2025-12-09,15:00:00,85.2,85.2,84.9,85.04,2873.0
2025-12-09 16:00:00,2025-12-09,16:00:00,85.04,85.2,84.93,84.97,2366.0
2025-12-10 07:00:00,2025-12-10,07:00:00,84.9,85.05,84.77,84.79,635.0
2025-12-10 08:00:00,2025-12-10,08:00:00,84.82,84.84,84.59,84.67,1526.0
2025-12-10 09:00:00,2025-12-10,09:00:00,84.66,84.73,84.55,84.7,1364.0
2025-12-10 10:00:00,2025-12-10,10:00:00,84.69,84.71,84.35,84.36,2707.0
2025-12-10 11:00:00,2025-12-10,11:00:00,84.35,84.44,84.2,84.25,1818.0
2025-12-10 12:00:00,2025-12-10,12:00:00,84.25,84.97,84.21,84.9,3972.0
2025-12-10 13:00:00,2025-12-10,13:00:00,84.91,84.93,84.41,84.46,2148.0
2025-12-10 14:00:00,2025-12-10,14:00:00,84.48,84.53,84.26,84.52,1785.0
2025-12-10 15:00:00,2025-12-10,15:00:00,84.53,84.75,84.42,84.55,1056.0
2025-12-10 16:00:00,2025-12-10,16:00:00,84.55,85.18,84.5,85.08,2997.0
2025-12-11 07:00:00,2025-12-11,07:00:00,85,85.45,85,85.09,1091.0
2025-12-11 08:00:00,2025-12-11,08:00:00,85.08,85.84,85.08,85.68,2535.0
2025-12-11 09:00:00,2025-12-11,09:00:00,85.65,86.08,85.59,86.05,1955.0
2025-12-11 10:00:00,2025-12-11,10:00:00,86.06,86.21,85.89,86.01,2264.0
2025-12-11 11:00:00,2025-12-11,11:00:00,86,86.12,85.93,86.02,902.0
2025-12-11 12:00:00,2025-12-11,12:00:00,86.03,86.08,85.9,85.96,747.0
2025-12-11 13:00:00,2025-12-11,13:00:00,85.97,86.12,85.85,86.02,1286.0
2025-12-11 14:00:00,2025-12-11,14:00:00,86.01,86.65,85.97,86.51,2988.0
2025-12-11 15:00:00,2025-12-11,15:00:00,86.51,86.68,86.25,86.28,1429.0
2025-12-11 16:00:00,2025-12-11,16:00:00,86.28,86.31,86.08,86.21,1547.0
2025-12-12 07:00:00,2025-12-12,07:00:00,86.36,86.68,86.16,86.21,1122.0
2025-12-12 08:00:00,2025-12-12,08:00:00,86.22,86.42,85.96,86.05,1419.0
2025-12-12 09:00:00,2025-12-12,09:00:00,85.98,86.06,85.68,86.06,1008.0
2025-12-12 10:00:00,2025-12-12,10:00:00,86.06,86.4,85.84,86.28,975.0
2025-12-12 11:00:00,2025-12-12,11:00:00,86.28,86.57,86.26,86.41,677.0
2025-12-12 12:00:00,2025-12-12,12:00:00,86.41,86.44,86.09,86.13,419.0
2025-12-12 13:00:00,2025-12-12,13:00:00,86.13,86.14,85.83,86.06,846.0
2025-12-12 14:00:00,2025-12-12,14:00:00,86.05,86.17,85.92,85.97,730.0
2025-12-12 15:00:00,2025-12-12,15:00:00,85.98,86.13,85.82,86.02,671.0
2025-12-12 16:00:00,2025-12-12,16:00:00,86.02,86.11,85.86,85.92,715.0
2025-12-16 07:00:00,2025-12-16,07:00:00,87.37,87.6,87.01,87.08,1224.0
2025-12-16 08:00:00,2025-12-16,08:00:00,87.07,87.6,86.95,87.26,2194.0
2025-12-16 09:00:00,2025-12-16,09:00:00,87.25,87.6,87.1,87.41,1902.0
2025-12-16 10:00:00,2025-12-16,10:00:00,87.4,87.83,87.29,87.72,1773.0
2025-12-16 11:00:00,2025-12-16,11:00:00,87.72,87.98,87.41,87.52,2250.0
2025-12-16 12:00:00,2025-12-16,12:00:00,87.53,87.54,87.25,87.39,1233.0
2025-12-16 13:00:00,2025-12-16,13:00:00,87.38,87.75,87.32,87.55,1628.0
2025-12-16 14:00:00,2025-12-16,14:00:00,87.52,87.83,87.43,87.68,1276.0
2025-12-16 15:00:00,2025-12-16,15:00:00,87.69,87.69,87.4,87.41,1932.0
2025-12-16 16:00:00,2025-12-16,16:00:00,87.42,87.65,87.3,87.55,2024.0
2025-12-17 07:00:00,2025-12-17,07:00:00,87.37,88.37,87.37,88.19,2127.0
2025-12-17 08:00:00,2025-12-17,08:00:00,88.19,88.49,87.9,88.14,2260.0
2025-12-17 09:00:00,2025-12-17,09:00:00,88.12,88.15,87.78,87.87,2126.0
2025-12-17 10:00:00,2025-12-17,10:00:00,87.87,88.25,87.76,88.02,1987.0
2025-12-17 11:00:00,2025-12-17,11:00:00,88.03,88.05,87.69,87.7,1351.0
2025-12-17 12:00:00,2025-12-17,12:00:00,87.69,87.85,87.6,87.68,1492.0
2025-12-17 13:00:00,2025-12-17,13:00:00,87.66,87.8,87.52,87.66,2044.0
2025-12-17 14:00:00,2025-12-17,14:00:00,87.66,87.68,87.08,87.21,3747.0
2025-12-17 15:00:00,2025-12-17,15:00:00,87.2,87.25,86.45,86.56,4244.0
2025-12-17 16:00:00,2025-12-17,16:00:00,86.56,86.89,86.5,86.56,2655.0
2025-12-18 07:00:00,2025-12-18,07:00:00,86.89,86.89,86.21,86.54,1872.0
2025-12-18 08:00:00,2025-12-18,08:00:00,86.5,86.73,86.16,86.17,2049.0
2025-12-18 09:00:00,2025-12-18,09:00:00,86.17,86.28,85.56,85.85,4668.0
2025-12-18 10:00:00,2025-12-18,10:00:00,85.84,86.56,85.84,86.56,2269.0
2025-12-18 11:00:00,2025-12-18,11:00:00,86.54,87.0,86.53,86.98,1966.0
2025-12-18 12:00:00,2025-12-18,12:00:00,86.98,87.1,86.73,86.82,1747.0
2025-12-18 13:00:00,2025-12-18,13:00:00,86.81,87.02,86.73,86.92,1094.0
2025-12-18 14:00:00,2025-12-18,14:00:00,86.91,87.14,86.85,86.9,1487.0
2025-12-18 15:00:00,2025-12-18,15:00:00,86.94,87.07,86.58,86.59,2123.0
2025-12-18 16:00:00,2025-12-18,16:00:00,86.59,86.75,86.06,86.23,3392.0
2025-12-19 07:00:00,2025-12-19,07:00:00,86.6,86.7,86.1,86.21,1447.0
2025-12-19 08:00:00,2025-12-19,08:00:00,86.22,86.78,86.08,86.58,1598.0
2025-12-19 09:00:00,2025-12-19,09:00:00,86.58,86.87,86.46,86.52,1564.0
2025-12-19 10:00:00,2025-12-19,10:00:00,86.5,86.62,86.21,86.44,1466.0
2025-12-19 11:00:00,2025-12-19,11:00:00,86.41,86.61,86.26,86.52,1368.0
2025-12-19 12:00:00,2025-12-19,12:00:00,86.54,86.66,86.27,86.64,848.0
2025-12-19 13:00:00,2025-12-19,13:00:00,86.63,86.67,86.35,86.55,1204.0
2025-12-19 14:00:00,2025-12-19,14:00:00,86.55,86.85,86.52,86.76,1615.0
2025-12-19 15:00:00,2025-12-19,15:00:00,86.78,87.05,86.75,87.02,1525.0
2025-12-19 16:00:00,2025-12-19,16:00:00,87.03,87.29,86.96,87.09,2221.0
2025-12-22 07:00:00,2025-12-22,07:00:00,87.05,87.44,86.82,86.92,959.0
2025-12-22 08:00:00,2025-12-22,08:00:00,86.94,87.4,86.74,86.88,1299.0
2025-12-22 09:00:00,2025-12-22,09:00:00,86.88,87.48,86.71,87.45,1263.0
2025-12-22 10:00:00,2025-12-22,10:00:00,87.44,87.95,87.4,87.89,1966.0
2025-12-22 11:00:00,2025-12-22,11:00:00,87.93,87.95,87.45,87.53,930.0
2025-12-22 12:00:00,2025-12-22,12:00:00,87.54,87.55,87.18,87.45,1371.0
2025-12-22 13:00:00,2025-12-22,13:00:00,87.42,87.55,87.25,87.35,1178.0
2025-12-22 14:00:00,2025-12-22,14:00:00,87.36,87.52,87.0,87.02,1402.0
2025-12-22 15:00:00,2025-12-22,15:00:00,87.03,87.34,87.01,87.21,1660.0
2025-12-22 16:00:00,2025-12-22,16:00:00,87.22,87.86,87.21,87.75,2336.0
2025-12-23 07:00:00,2025-12-23,07:00:00,87.48,87.94,87.48,87.77,522.0
2025-12-23 08:00:00,2025-12-23,08:00:00,87.73,88.07,87.62,87.71,1343.0
2025-12-23 09:00:00,2025-12-23,09:00:00,87.71,88.11,87.66,87.9,1504.0
2025-12-23 10:00:00,2025-12-23,10:00:00,87.9,88.0,87.67,87.71,956.0
2025-12-23 11:00:00,2025-12-23,11:00:00,87.73,88.09,87.69,88.05,996.0
2025-12-23 12:00:00,2025-12-23,12:00:00,88.05,88.37,88.05,88.36,2099.0
2025-12-23 13:00:00,2025-12-23,13:00:00,88.36,88.58,88.21,88.48,1860.0
2025-12-23 14:00:00,2025-12-23,14:00:00,88.5,88.88,88.47,88.71,2479.0
2025-12-23 15:00:00,2025-12-23,15:00:00,88.72,88.82,88.52,88.52,1815.0
2025-12-23 16:00:00,2025-12-23,16:00:00,88.52,88.58,88.24,88.33,1976.0
2025-12-24 07:00:00,2025-12-24,07:00:00,88.54,88.59,88.23,88.28,620.0
2025-12-24 08:00:00,2025-12-24,08:00:00,88.27,88.34,88.13,88.28,902.0
2025-12-24 09:00:00,2025-12-24,09:00:00,88.26,88.26,88.03,88.17,637.0
2025-12-24 10:00:00,2025-12-24,10:00:00,88.17,88.29,87.96,88.25,1007.0
2025-12-24 11:00:00,2025-12-24,11:00:00,88.26,88.26,87.91,88.0,427.0
2025-12-24 12:00:00,2025-12-24,12:00:00,87.98,88.26,87.92,88.06,704.0
2025-12-24 13:00:00,2025-12-24,13:00:00,88.05,88.06,87.85,87.96,517.0
2025-12-24 14:00:00,2025-12-24,14:00:00,87.97,88.06,87.85,87.91,354.0
2025-12-24 15:00:00,2025-12-24,15:00:00,87.88,87.95,87.74,87.84,477.0
2025-12-24 16:00:00,2025-12-24,16:00:00,87.83,88.02,87.75,87.86,217.0
2025-12-29 07:00:00,2025-12-29,07:00:00,88.07,88.47,88.03,88.26,820.0
2025-12-29 08:00:00,2025-12-29,08:00:00,88.26,88.42,87.45,87.62,2074.0
2025-12-29 09:00:00,2025-12-29,09:00:00,87.65,87.68,87.37,87.54,1656.0
2025-12-29 10:00:00,2025-12-29,10:00:00,87.53,87.85,87.42,87.64,1515.0
2025-12-29 11:00:00,2025-12-29,11:00:00,87.63,87.78,87.55,87.75,772.0
2025-12-29 12:00:00,2025-12-29,12:00:00,87.73,88.0,87.7,87.94,1126.0
2025-12-29 13:00:00,2025-12-29,13:00:00,87.93,88.09,87.85,88.02,1255.0
2025-12-29 14:00:00,2025-12-29,14:00:00,88.01,88.24,87.8,87.8,1561.0
2025-12-29 15:00:00,2025-12-29,15:00:00,87.79,87.85,87.35,87.48,1777.0
2025-12-29 16:00:00,2025-12-29,16:00:00,87.49,87.55,87.25,87.3,1618.0
2025-12-30 07:00:00,2025-12-30,07:00:00,87.25,87.6,87.11,87.53,1055.0
2025-12-30 08:00:00,2025-12-30,08:00:00,87.52,87.58,87.25,87.44,921.0
2025-12-30 09:00:00,2025-12-30,09:00:00,87.43,87.46,87.13,87.29,1254.0
2025-12-30 10:00:00,2025-12-30,10:00:00,87.28,87.32,87.11,87.13,1204.0
2025-12-30 11:00:00,2025-12-30,11:00:00,87.12,87.3,87.08,87.18,910.0
2025-12-30 12:00:00,2025-12-30,12:00:00,87.19,87.35,87.15,87.35,645.0
2025-12-30 13:00:00,2025-12-30,13:00:00,87.34,87.41,87.02,87.07,990.0
2025-12-30 14:00:00,2025-12-30,14:00:00,87.08,87.1,86.92,87.04,1271.0
2025-12-30 15:00:00,2025-12-30,15:00:00,87.04,87.35,86.95,87.2,1216.0
2025-12-30 16:00:00,2025-12-30,16:00:00,87.21,87.32,87.06,87.13,1306.0
2025-12-31 07:00:00,2025-12-31,07:00:00,86.99,87.27,86.9,87.01,542.0
2025-12-31 08:00:00,2025-12-31,08:00:00,87.01,87.35,86.83,87.16,836.0
2025-12-31 09:00:00,2025-12-31,09:00:00,87.16,87.47,87.15,87.37,718.0
2025-12-31 10:00:00,2025-12-31,10:00:00,87.39,87.39,87.1,87.27,779.0
2025-12-31 11:00:00,2025-12-31,11:00:00,87.28,87.4,87.21,87.27,808.0
2025-12-31 12:00:00,2025-12-31,12:00:00,87.27,87.52,87.22,87.26,1115.0
2025-12-31 13:00:00,2025-12-31,13:00:00,87.26,87.26,86.85,87.2,929.0
2025-12-31 14:00:00,2025-12-31,14:00:00,87.19,87.26,87.03,87.1,381.0
2025-12-31 15:00:00,2025-12-31,15:00:00,87.1,87.21,86.89,87.01,532.0
2025-12-31 16:00:00,2025-12-31,16:00:00,87.01,87.55,86.96,87.49,689.0
2026-01-02 07:00:00,2026-01-02,07:00:00,87.55,88.15,87.47,88.11,1713.0
2026-01-02 08:00:00,2026-01-02,08:00:00,88.11,88.88,88.11,88.76,3125.0
2026-01-02 09:00:00,2026-01-02,09:00:00,88.76,88.85,88.54,88.8,2292.0
2026-01-02 10:00:00,2026-01-02,10:00:00,88.78,88.78,88.2,88.25,1720.0
2026-01-02 11:00:00,2026-01-02,11:00:00,88.25,88.75,88.22,88.45,1335.0
2026-01-02 12:00:00,2026-01-02,12:00:00,88.45,88.77,88.34,88.75,429.0
2026-01-02 13:00:00,2026-01-02,13:00:00,88.73,88.88,88.65,88.76,881.0
2026-01-02 14:00:00,2026-01-02,14:00:00,88.79,88.85,88.57,88.6,985.0
2026-01-02 15:00:00,2026-01-02,15:00:00,88.64,88.66,88.22,88.29,1367.0
2026-01-02 16:00:00,2026-01-02,16:00:00,88.3,88.5,88.22,88.3,1169.0
2026-01-05 07:00:00,2026-01-05,07:00:00,88.09,88.17,87.64,87.81,2466.0
2026-01-05 08:00:00,2026-01-05,08:00:00,87.82,87.91,87.45,87.68,2125.0
2026-01-05 09:00:00,2026-01-05,09:00:00,87.67,88.07,87.54,88.05,1917.0
2026-01-05 10:00:00,2026-01-05,10:00:00,88.05,88.53,88.02,88.5,2169.0
2026-01-05 11:00:00,2026-01-05,11:00:00,88.48,88.69,88.46,88.55,1374.0
2026-01-05 12:00:00,2026-01-05,12:00:00,88.56,88.78,88.25,88.28,1352.0
2026-01-05 13:00:00,2026-01-05,13:00:00,88.28,88.3,87.61,87.61,3300.0
2026-01-05 14:00:00,2026-01-05,14:00:00,87.62,87.74,87.06,87.4,3743.0
2026-01-05 15:00:00,2026-01-05,15:00:00,87.39,87.5,87.16,87.3,2221.0
2026-01-05 16:00:00,2026-01-05,16:00:00,87.3,87.34,87.05,87.14,2954.0
2026-01-06 07:00:00,2026-01-06,07:00:00,87.51,87.59,87.17,87.25,1884.0
2026-01-06 08:00:00,2026-01-06,08:00:00,87.25,87.78,87.13,87.7,2065.0
2026-01-06 09:00:00,2026-01-06,09:00:00,87.67,87.89,87.4,87.77,1793.0
2026-01-06 10:00:00,2026-01-06,10:00:00,87.78,87.95,87.65,87.68,1446.0
2026-01-06 11:00:00,2026-01-06,11:00:00,87.68,87.68,87.29,87.48,1425.0
2026-01-06 12:00:00,2026-01-06,12:00:00,87.5,87.65,87.41,87.45,994.0
2026-01-06 13:00:00,2026-01-06,13:00:00,87.44,87.88,87.41,87.76,2236.0
2026-01-06 14:00:00,2026-01-06,14:00:00,87.74,88.0,87.7,87.9,2621.0
2026-01-06 15:00:00,2026-01-06,15:00:00,87.89,88.15,87.75,88.02,2839.0
2026-01-06 16:00:00,2026-01-06,16:00:00,88.0,88.15,87.87,87.98,1718.0
2026-01-07 07:00:00,2026-01-07,07:00:00,88.2,88.5,88.1,88.36,1603.0
2026-01-07 08:00:00,2026-01-07,08:00:00,88.36,88.36,88.11,88.18,1550.0
2026-01-07 09:00:00,2026-01-07,09:00:00,88.18,88.55,88.15,88.29,2012.0
2026-01-07 10:00:00,2026-01-07,10:00:00,88.28,88.75,88.28,88.67,3089.0
2026-01-07 11:00:00,2026-01-07,11:00:00,88.68,88.72,88.49,88.56,1410.0
2026-01-07 12:00:00,2026-01-07,12:00:00,88.55,88.56,88.27,88.27,1242.0
2026-01-07 13:00:00,2026-01-07,13:00:00,88.3,88.3,87.84,87.98,3027.0
2026-01-07 14:00:00,2026-01-07,14:00:00,87.98,88.18,87.92,88.13,1578.0
2026-01-07 15:00:00,2026-01-07,15:00:00,88.12,88.2,87.86,88.01,1502.0
2026-01-07 16:00:00,2026-01-07,16:00:00,88.03,88.19,87.76,87.81,1920.0
2026-01-08 07:00:00,2026-01-08,07:00:00,87.6,87.6,87.1,87.43,3232.0
2026-01-08 08:00:00,2026-01-08,08:00:00,87.45,87.71,87.36,87.61,2019.0
2026-01-08 09:00:00,2026-01-08,09:00:00,87.64,87.67,87.35,87.53,1542.0
2026-01-08 10:00:00,2026-01-08,10:00:00,87.54,87.81,87.39,87.75,2436.0
2026-01-08 11:00:00,2026-01-08,11:00:00,87.72,87.84,87.45,87.62,1570.0
2026-01-08 12:00:00,2026-01-08,12:00:00,87.61,87.82,87.54,87.57,1052.0
2026-01-08 13:00:00,2026-01-08,13:00:00,87.57,87.61,87.46,87.5,1493.0
2026-01-08 14:00:00,2026-01-08,14:00:00,87.51,87.77,87.41,87.62,1685.0
2026-01-08 15:00:00,2026-01-08,15:00:00,87.64,88.22,87.64,88.07,2659.0
2026-01-08 16:00:00,2026-01-08,16:00:00,88.08,88.34,88.08,88.32,2134.0
2026-01-09 07:00:00,2026-01-09,07:00:00,88.39,88.75,88.03,88.41,1957.0
2026-01-09 08:00:00,2026-01-09,08:00:00,88.41,88.41,88.05,88.19,1493.0
2026-01-09 09:00:00,2026-01-09,09:00:00,88.2,88.59,88.06,88.56,1771.0
2026-01-09 10:00:00,2026-01-09,10:00:00,88.57,88.75,88.45,88.5,3107.0
2026-01-09 11:00:00,2026-01-09,11:00:00,88.5,88.75,88.41,88.51,1151.0
2026-01-09 12:00:00,2026-01-09,12:00:00,88.54,89.06,88.5,88.89,3506.0
2026-01-09 13:00:00,2026-01-09,13:00:00,88.9,89.58,88.75,89.36,4306.0
2026-01-09 14:00:00,2026-01-09,14:00:00,89.37,89.49,89.13,89.39,2651.0
2026-01-09 15:00:00,2026-01-09,15:00:00,89.4,89.66,89.32,89.5,2586.0
2026-01-09 16:00:00,2026-01-09,16:00:00,89.48,89.63,89.44,89.52,2685.0
2026-01-12 07:00:00,2026-01-12,07:00:00,89.86,90.0,89.41,89.64,3111.0
2026-01-12 08:00:00,2026-01-12,08:00:00,89.64,89.85,89.45,89.62,1872.0
2026-01-12 09:00:00,2026-01-12,09:00:00,89.63,89.87,89.55,89.78,1831.0
2026-01-12 10:00:00,2026-01-12,10:00:00,89.79,90.42,89.79,90.02,5004.0
2026-01-12 11:00:00,2026-01-12,11:00:00,90.02,90.26,89.95,90.13,1913.0
2026-01-12 12:00:00,2026-01-12,12:00:00,90.13,90.31,89.86,90.09,2054.0
2026-01-12 13:00:00,2026-01-12,13:00:00,90.08,90.13,89.55,89.72,3205.0
2026-01-12 14:00:00,2026-01-12,14:00:00,89.72,90.11,89.7,89.96,2131.0
2026-01-12 15:00:00,2026-01-12,15:00:00,89.96,90.35,89.9,90.0,2462.0
2026-01-12 16:00:00,2026-01-12,16:00:00,89.99,90.35,89.94,90.23,2273.0
2026-01-13 07:00:00,2026-01-13,07:00:00,90.4,90.7,90.21,90.24,2129.0
2026-01-13 08:00:00,2026-01-13,08:00:00,90.26,90.86,90.18,90.71,3139.0
2026-01-13 09:00:00,2026-01-13,09:00:00,90.71,91.08,90.71,90.83,4338.0
2026-01-13 10:00:00,2026-01-13,10:00:00,90.83,90.94,90.6,90.92,2297.0
2026-01-13 11:00:00,2026-01-13,11:00:00,90.92,90.97,90.65,90.69,1788.0
2026-01-13 12:00:00,2026-01-13,12:00:00,90.69,90.84,90.52,90.83,2200.0
2026-01-13 13:00:00,2026-01-13,13:00:00,90.83,90.89,90.44,90.57,2108.0
2026-01-13 14:00:00,2026-01-13,14:00:00,90.57,90.78,90.54,90.69,2124.0
2026-01-13 15:00:00,2026-01-13,15:00:00,90.69,90.82,90.57,90.68,2121.0
2026-01-13 16:00:00,2026-01-13,16:00:00,90.68,90.88,90.61,90.62,2223.0
2026-01-14 07:00:00,2026-01-14,07:00:00,90.52,90.8,90.34,90.39,2034.0
2026-01-14 08:00:00,2026-01-14,08:00:00,90.41,90.5,90.22,90.26,2450.0
2026-01-14 09:00:00,2026-01-14,09:00:00,90.28,90.78,90.28,90.56,2623.0
2026-01-14 10:00:00,2026-01-14,10:00:00,90.56,90.71,90.5,90.58,1774.0
2026-01-14 11:00:00,2026-01-14,11:00:00,90.55,90.88,90.52,90.75,1480.0
2026-01-14 12:00:00,2026-01-14,12:00:00,90.75,91.15,90.74,90.92,2412.0
2026-01-14 13:00:00,2026-01-14,13:00:00,90.93,90.94,90.66,90.78,2116.0
2026-01-14 14:00:00,2026-01-14,14:00:00,90.78,91.3,90.66,91.13,2992.0
2026-01-14 15:00:00,2026-01-14,15:00:00,91.12,91.8,91.11,91.71,5012.0
2026-01-14 16:00:00,2026-01-14,16:00:00,91.7,92.36,91.63,92.13,4868.0
2026-01-15 07:00:00,2026-01-15,07:00:00,92.19,92.82,92.15,92.56,2608.0
2026-01-15 08:00:00,2026-01-15,08:00:00,92.57,92.97,92.54,92.95,3050.0
2026-01-15 09:00:00,2026-01-15,09:00:00,92.94,93.3,92.85,93.29,3212.0
2026-01-15 10:00:00,2026-01-15,10:00:00,93.29,93.8,93.25,93.48,4721.0
2026-01-15 11:00:00,2026-01-15,11:00:00,93.46,93.5,93.05,93.32,2373.0
2026-01-15 12:00:00,2026-01-15,12:00:00,93.32,93.48,93.0,93.21,1980.0
2026-01-15 13:00:00,2026-01-15,13:00:00,93.23,93.23,92.35,92.62,4347.0
2026-01-15 14:00:00,2026-01-15,14:00:00,92.63,92.73,91.85,91.96,5304.0
2026-01-15 15:00:00,2026-01-15,15:00:00,91.96,92.38,91.75,92.12,3527.0
2026-01-15 16:00:00,2026-01-15,16:00:00,92.12,92.3,91.82,91.9,2706.0
2026-01-16 07:00:00,2026-01-16,07:00:00,92.23,92.73,91.96,92.73,1961.0
2026-01-16 08:00:00,2026-01-16,08:00:00,92.68,92.74,92.36,92.58,1513.0
2026-01-16 09:00:00,2026-01-16,09:00:00,92.56,93.22,92.45,93.2,2527.0
2026-01-16 10:00:00,2026-01-16,10:00:00,93.22,93.45,92.9,93.03,3035.0
2026-01-16 11:00:00,2026-01-16,11:00:00,93.0,93.19,92.9,93.11,903.0
2026-01-16 12:00:00,2026-01-16,12:00:00,93.1,93.38,92.97,93.37,2099.0
2026-01-16 13:00:00,2026-01-16,13:00:00,93.38,93.5,93.1,93.3,2669.0
2026-01-16 14:00:00,2026-01-16,14:00:00,93.3,93.61,92.94,93.09,3483.0
2026-01-16 15:00:00,2026-01-16,15:00:00,93.08,93.19,91.76,91.86,5696.0
2026-01-16 16:00:00,2026-01-16,16:00:00,91.85,92.13,91.85,91.92,3701.0
2026-01-19 07:00:00,2026-01-19,07:00:00,91.3,91.3,88.7,89.22,12727.0
2026-01-19 08:00:00,2026-01-19,08:00:00,89.24,89.77,88.8,89.69,7474.0
2026-01-19 09:00:00,2026-01-19,09:00:00,89.67,89.76,89.18,89.42,4354.0
2026-01-19 10:00:00,2026-01-19,10:00:00,89.43,89.69,89.05,89.4,3554.0
2026-01-19 11:00:00,2026-01-19,11:00:00,89.4,89.77,89.39,89.49,2763.0
2026-01-19 12:00:00,2026-01-19,12:00:00,89.49,89.74,89.45,89.49,1744.0
2026-01-19 13:00:00,2026-01-19,13:00:00,89.49,89.61,89.17,89.52,3649.0
2026-01-19 14:00:00,2026-01-19,14:00:00,89.53,89.59,88.9,88.96,4996.0
2026-01-19 15:00:00,2026-01-19,15:00:00,88.98,89.04,88.16,88.26,6848.0
2026-01-19 16:00:00,2026-01-19,16:00:00,88.25,88.32,87.97,88.22,7112.0
2026-01-20 07:00:00,2026-01-20,07:00:00,88.0,88.28,85.81,86.55,12938.0
2026-01-20 08:00:00,2026-01-20,08:00:00,86.58,87.25,86.33,87.13,6524.0
2026-01-20 09:00:00,2026-01-20,09:00:00,87.12,87.15,86.44,86.6,6592.0
2026-01-20 10:00:00,2026-01-20,10:00:00,86.61,86.78,85.25,85.77,9125.0
2026-01-20 11:00:00,2026-01-20,11:00:00,85.77,86.11,85.22,86.11,5835.0
2026-01-20 12:00:00,2026-01-20,12:00:00,86.1,86.31,85.27,85.46,4984.0
2026-01-20 13:00:00,2026-01-20,13:00:00,85.45,85.46,83.52,84.87,13119.0
2026-01-20 14:00:00,2026-01-20,14:00:00,84.84,85.19,84.6,84.79,6082.0
2026-01-20 15:00:00,2026-01-20,15:00:00,84.75,84.88,84.45,84.78,3564.0
2026-01-20 16:00:00,2026-01-20,16:00:00,84.78,85.11,84.71,84.9,5937.0
2026-01-21 07:00:00,2026-01-21,07:00:00,84.74,85.15,84.26,84.64,3985.0
2026-01-21 08:00:00,2026-01-21,08:00:00,84.66,85.05,84.62,85.02,2528.0
2026-01-21 09:00:00,2026-01-21,09:00:00,85.02,85.79,84.85,85.41,5668.0
2026-01-21 10:00:00,2026-01-21,10:00:00,85.42,85.75,85.4,85.68,4342.0
2026-01-21 11:00:00,2026-01-21,11:00:00,85.68,85.94,85.33,85.7,3501.0
2026-01-21 12:00:00,2026-01-21,12:00:00,85.67,85.96,85.53,85.85,2970.0
2026-01-21 13:00:00,2026-01-21,13:00:00,85.85,86.7,85.78,86.65,6620.0
2026-01-21 14:00:00,2026-01-21,14:00:00,86.66,87.36,86.43,86.73,7862.0
2026-01-21 15:00:00,2026-01-21,15:00:00,86.73,87.48,86.71,87.16,4618.0
2026-01-21 16:00:00,2026-01-21,16:00:00,87.17,87.46,86.89,87.0,5588.0
2026-01-22 07:00:00,2026-01-22,07:00:00,89.15,90.82,89.05,89.47,12100.0
2026-01-22 08:00:00,2026-01-22,08:00:00,89.45,89.53,88.71,89.05,5231.0
2026-01-22 09:00:00,2026-01-22,09:00:00,89.05,89.28,88.51,88.68,3669.0
2026-01-22 10:00:00,2026-01-22,10:00:00,88.67,88.69,88.11,88.2,4047.0
2026-01-22 11:00:00,2026-01-22,11:00:00,88.18,88.98,87.75,88.91,4753.0
2026-01-22 12:00:00,2026-01-22,12:00:00,88.88,89.4,88.53,88.63,2803.0
2026-01-22 13:00:00,2026-01-22,13:00:00,88.63,88.85,88.06,88.59,3270.0
2026-01-22 14:00:00,2026-01-22,14:00:00,88.57,88.93,88.45,88.45,2149.0
2026-01-22 15:00:00,2026-01-22,15:00:00,88.47,88.9,88.39,88.66,2627.0
2026-01-22 16:00:00,2026-01-22,16:00:00,88.66,88.68,88.28,88.3,2631.0
2026-01-23 07:00:00,2026-01-23,07:00:00,88.3,88.84,88.15,88.61,1396.0
2026-01-23 08:00:00,2026-01-23,08:00:00,88.58,89.15,88.51,89.13,1993.0
2026-01-23 09:00:00,2026-01-23,09:00:00,89.12,89.55,89.03,89.51,2602.0
2026-01-23 10:00:00,2026-01-23,10:00:00,89.54,89.69,89.02,89.58,2973.0
2026-01-23 11:00:00,2026-01-23,11:00:00,89.57,89.73,89.4,89.43,1361.0
2026-01-23 12:00:00,2026-01-23,12:00:00,89.43,89.53,89.25,89.35,1792.0
2026-01-23 13:00:00,2026-01-23,13:00:00,89.37,89.58,89.21,89.21,1822.0
2026-01-23 14:00:00,2026-01-23,14:00:00,89.24,89.31,88.8,88.9,1911.0
2026-01-23 15:00:00,2026-01-23,15:00:00,88.89,88.95,88.51,88.56,2012.0
2026-01-23 16:00:00,2026-01-23,16:00:00,88.57,88.57,88.0,88.15,4137.0
2026-01-26 07:00:00,2026-01-26,07:00:00,88.3,89.3,87.87,89.22,3014.0
2026-01-26 08:00:00,2026-01-26,08:00:00,89.21,89.21,88.35,88.67,2366.0
2026-01-26 09:00:00,2026-01-26,09:00:00,88.68,88.8,88.37,88.43,2170.0
2026-01-26 10:00:00,2026-01-26,10:00:00,88.46,88.49,87.56,87.69,4164.0
2026-01-26 11:00:00,2026-01-26,11:00:00,87.68,87.68,87.18,87.19,3381.0
2026-01-26 12:00:00,2026-01-26,12:00:00,87.18,87.49,87.16,87.22,2441.0
2026-01-26 13:00:00,2026-01-26,13:00:00,87.22,87.42,86.59,86.84,3911.0
2026-01-26 14:00:00,2026-01-26,14:00:00,86.86,86.99,86.5,86.52,2815.0
2026-01-26 15:00:00,2026-01-26,15:00:00,86.51,87.18,86.26,87.11,3279.0
2026-01-26 16:00:00,2026-01-26,16:00:00,87.1,87.53,87.0,87.42,3139.0
2026-01-27 07:00:00,2026-01-27,07:00:00,87.23,88.45,87.23,87.79,2051.0
2026-01-27 08:00:00,2026-01-27,08:00:00,87.79,88.22,87.66,88.06,1958.0
2026-01-27 09:00:00,2026-01-27,09:00:00,88.06,88.35,87.9,88.02,2240.0
2026-01-27 10:00:00,2026-01-27,10:00:00,88.03,88.2,87.42,87.94,2993.0
2026-01-27 11:00:00,2026-01-27,11:00:00,87.94,88.3,87.85,88.17,1135.0
2026-01-27 12:00:00,2026-01-27,12:00:00,88.16,88.17,87.6,87.9,1220.0
2026-01-27 13:00:00,2026-01-27,13:00:00,87.9,88.71,87.88,88.37,3372.0
2026-01-27 14:00:00,2026-01-27,14:00:00,88.43,88.5,88.16,88.34,2004.0
2026-01-27 15:00:00,2026-01-27,15:00:00,88.34,88.5,87.83,88.22,2422.0
2026-01-27 16:00:00,2026-01-27,16:00:00,88.2,88.51,88.09,88.24,2570.0
2026-01-28 07:00:00,2026-01-28,07:00:00,88.39,88.54,87.84,88.05,1030.0
2026-01-28 08:00:00,2026-01-28,08:00:00,88.06,88.35,87.76,88.3,2036.0
2026-01-28 09:00:00,2026-01-28,09:00:00,88.3,88.4,87.92,88.12,1597.0
2026-01-28 10:00:00,2026-01-28,10:00:00,88.12,88.16,87.69,87.72,1905.0
2026-01-28 11:00:00,2026-01-28,11:00:00,87.7,87.91,87.45,87.76,2188.0
2026-01-28 12:00:00,2026-01-28,12:00:00,87.75,87.81,87.26,87.38,1928.0
2026-01-28 13:00:00,2026-01-28,13:00:00,87.4,87.52,86.65,87.34,4262.0
2026-01-28 14:00:00,2026-01-28,14:00:00,87.35,87.38,86.7,86.77,2998.0
2026-01-28 15:00:00,2026-01-28,15:00:00,86.79,86.93,86.69,86.79,2702.0
2026-01-28 16:00:00,2026-01-28,16:00:00,86.78,86.82,85.75,85.79,6031.0
2026-01-29 07:00:00,2026-01-29,07:00:00,85.93,86.0,84.43,84.6,6766.0
2026-01-29 08:00:00,2026-01-29,08:00:00,84.58,85.08,84.26,84.58,4559.0
2026-01-29 09:00:00,2026-01-29,09:00:00,84.57,84.83,84.5,84.65,4120.0
2026-01-29 10:00:00,2026-01-29,10:00:00,84.65,84.95,84.48,84.87,3363.0
2026-01-29 11:00:00,2026-01-29,11:00:00,84.86,84.87,83.72,84.06,7288.0
2026-01-29 12:00:00,2026-01-29,12:00:00,84.05,84.42,83.82,84.4,3090.0
2026-01-29 13:00:00,2026-01-29,13:00:00,84.41,84.41,83.65,84.1,4802.0
2026-01-29 14:00:00,2026-01-29,14:00:00,84.09,84.7,84.04,84.58,4449.0
2026-01-29 15:00:00,2026-01-29,15:00:00,84.61,84.75,84.08,84.08,4565.0
2026-01-29 16:00:00,2026-01-29,16:00:00,84.1,84.2,83.39,83.39,7076.0
2026-01-30 07:00:00,2026-01-30,07:00:00,83.25,84.11,82.85,82.88,4464.0
2026-01-30 08:00:00,2026-01-30,08:00:00,82.89,83.65,82.63,83.57,4901.0
2026-01-30 09:00:00,2026-01-30,09:00:00,83.56,83.65,82.85,82.97,3291.0
2026-01-30 10:00:00,2026-01-30,10:00:00,82.98,83.37,82.45,82.62,4954.0
2026-01-30 11:00:00,2026-01-30,11:00:00,82.62,82.87,82.46,82.61,2521.0
2026-01-30 12:00:00,2026-01-30,12:00:00,82.62,82.92,82.53,82.58,2156.0
2026-01-30 13:00:00,2026-01-30,13:00:00,82.58,82.98,82.28,82.85,3349.0
2026-01-30 14:00:00,2026-01-30,14:00:00,82.82,82.92,82.06,82.08,3303.0
2026-01-30 15:00:00,2026-01-30,15:00:00,82.09,82.13,80.61,81.09,11635.0
2026-01-30 16:00:00,2026-01-30,16:00:00,81.09,81.57,80.73,81.38,6659.0
2026-02-02 07:00:00,2026-02-02,07:00:00,80.61,82.66,79.46,82.36,9743.0
2026-02-02 08:00:00,2026-02-02,08:00:00,82.36,83.59,82.36,82.98,6618.0
2026-02-02 09:00:00,2026-02-02,09:00:00,83.0,83.05,82.52,82.65,3160.0
2026-02-02 10:00:00,2026-02-02,10:00:00,82.65,82.95,82.17,82.63,2834.0
2026-02-02 11:00:00,2026-02-02,11:00:00,82.64,82.78,82.39,82.62,1670.0
2026-02-02 12:00:00,2026-02-02,12:00:00,82.57,83.29,82.57,82.9,2886.0
2026-02-02 13:00:00,2026-02-02,13:00:00,82.9,82.98,82.44,82.53,2414.0
2026-02-02 14:00:00,2026-02-02,14:00:00,82.56,82.78,82.4,82.41,1928.0
2026-02-02 15:00:00,2026-02-02,15:00:00,82.44,83.65,82.41,83.52,4365.0
2026-02-02 16:00:00,2026-02-02,16:00:00,83.54,84.0,83.05,83.72,3858.0
2026-02-03 07:00:00,2026-02-03,07:00:00,83.89,84.84,83.78,84.37,4229.0
2026-02-03 08:00:00,2026-02-03,08:00:00,84.38,84.57,83.75,83.96,3262.0
2026-02-03 09:00:00,2026-02-03,09:00:00,83.95,83.95,83.28,83.28,3644.0
2026-02-03 10:00:00,2026-02-03,10:00:00,83.28,84.27,83.28,84.13,2769.0
2026-02-03 11:00:00,2026-02-03,11:00:00,84.12,84.44,83.83,83.92,1430.0
2026-02-03 12:00:00,2026-02-03,12:00:00,83.9,84.2,83.63,83.7,1544.0
2026-02-03 13:00:00,2026-02-03,13:00:00,83.67,84.64,83.45,84.5,2948.0
2026-02-03 14:00:00,2026-02-03,14:00:00,84.53,84.69,83.6,83.77,4246.0
2026-02-03 15:00:00,2026-02-03,15:00:00,83.78,83.95,83.35,83.59,1734.0
2026-02-03 16:00:00,2026-02-03,16:00:00,83.59,83.59,81.2,81.45,12691.0
2026-02-04 07:00:00,2026-02-04,07:00:00,81.12,81.77,80.0,81.56,10188.0
2026-02-04 08:00:00,2026-02-04,08:00:00,81.54,82.5,81.44,82.35,6322.0
2026-02-04 09:00:00,2026-02-04,09:00:00,82.4,82.7,82.19,82.52,2721.0
2026-02-04 10:00:00,2026-02-04,10:00:00,82.52,83.28,82.49,82.79,3249.0
2026-02-04 11:00:00,2026-02-04,11:00:00,82.81,82.85,82.31,82.37,1449.0
2026-02-04 12:00:00,2026-02-04,12:00:00,82.38,82.74,82.05,82.5,2168.0
2026-02-04 13:00:00,2026-02-04,13:00:00,82.52,83.44,82.47,83.22,3342.0
2026-02-04 14:00:00,2026-02-04,14:00:00,83.22,83.5,83.06,83.42,2663.0
2026-02-04 15:00:00,2026-02-04,15:00:00,83.42,83.47,83.04,83.16,2426.0
2026-02-04 16:00:00,2026-02-04,16:00:00,83.18,83.18,82.71,82.97,3246.0
2026-02-05 07:00:00,2026-02-05,07:00:00,82.72,83.02,82.16,82.2,2086.0
2026-02-05 08:00:00,2026-02-05,08:00:00,82.2,82.53,82.05,82.15,2690.0
2026-02-05 09:00:00,2026-02-05,09:00:00,82.1,82.44,81.9,82.3,2463.0
2026-02-05 10:00:00,2026-02-05,10:00:00,82.3,82.49,81.51,81.93,3565.0
2026-02-05 11:00:00,2026-02-05,11:00:00,81.9,82.05,81.73,81.91,1402.0
2026-02-05 12:00:00,2026-02-05,12:00:00,81.9,81.98,81.37,81.42,2506.0
2026-02-05 13:00:00,2026-02-05,13:00:00,81.41,81.45,79.95,80.35,10290.0
2026-02-05 14:00:00,2026-02-05,14:00:00,80.35,80.43,79.09,79.69,12714.0
2026-02-05 15:00:00,2026-02-05,15:00:00,79.69,79.86,78.15,78.27,12732.0
2026-02-05 16:00:00,2026-02-05,16:00:00,78.27,78.97,77.8,78.4,10849.0
2026-02-06 07:00:00,2026-02-06,07:00:00,78.18,79.59,78.0,79.51,5551.0
2026-02-06 08:00:00,2026-02-06,08:00:00,79.53,79.72,77.51,78.15,6775.0
2026-02-06 09:00:00,2026-02-06,09:00:00,78.17,78.22,76.2,77.97,12397.0
2026-02-06 10:00:00,2026-02-06,10:00:00,77.99,78.5,77.45,77.76,5509.0
2026-02-06 11:00:00,2026-02-06,11:00:00,77.77,77.99,76.83,77.21,3808.0
2026-02-06 12:00:00,2026-02-06,12:00:00,77.2,77.6,76.85,77.18,3761.0
2026-02-06 13:00:00,2026-02-06,13:00:00,77.15,78.06,76.75,77.82,4780.0
2026-02-06 14:00:00,2026-02-06,14:00:00,77.84,78.4,77.03,78.15,4990.0
2026-02-06 15:00:00,2026-02-06,15:00:00,78.11,78.75,77.99,78.3,3931.0
2026-02-06 16:00:00,2026-02-06,16:00:00,78.3,79.4,78.28,79.3,4252.0
2026-02-09 07:00:00,2026-02-09,07:00:00,79.59,80.25,78.88,79.7,3486.0
2026-02-09 08:00:00,2026-02-09,08:00:00,79.7,80.5,79.28,80.28,4138.0
2026-02-09 09:00:00,2026-02-09,09:00:00,80.29,80.56,80.17,80.34,2390.0
2026-02-09 10:00:00,2026-02-09,10:00:00,80.36,80.36,79.53,79.71,3022.0
2026-02-09 11:00:00,2026-02-09,11:00:00,79.69,80.45,79.38,80.45,1923.0
2026-02-09 12:00:00,2026-02-09,12:00:00,80.42,81.3,80.3,81.07,4239.0
2026-02-09 13:00:00,2026-02-09,13:00:00,81.05,81.35,80.76,80.77,2163.0
2026-02-09 14:00:00,2026-02-09,14:00:00,80.75,81.5,80.53,81.07,2713.0
2026-02-09 15:00:00,2026-02-09,15:00:00,81.07,81.44,81.06,81.35,1989.0
2026-02-09 16:00:00,2026-02-09,16:00:00,81.33,81.75,81.18,81.51,2760.0
2026-02-10 07:00:00,2026-02-10,07:00:00,81.3,81.65,80.93,80.98,2043.0
2026-02-10 08:00:00,2026-02-10,08:00:00,80.99,81.3,80.52,81.27,3256.0
2026-02-10 09:00:00,2026-02-10,09:00:00,81.3,81.3,80.81,80.91,2311.0
2026-02-10 10:00:00,2026-02-10,10:00:00,80.93,82.0,79.7,79.93,7307.0
2026-02-10 11:00:00,2026-02-10,11:00:00,79.9,81.2,78.49,80.73,7089.0
2026-02-10 12:00:00,2026-02-10,12:00:00,80.7,80.77,79.7,79.89,3036.0
2026-02-10 13:00:00,2026-02-10,13:00:00,79.9,80.14,79.1,79.76,3211.0
2026-02-10 14:00:00,2026-02-10,14:00:00,79.75,79.75,79.2,79.4,2752.0
2026-02-10 15:00:00,2026-02-10,15:00:00,79.4,79.52,78.69,79.09,3372.0
2026-02-10 16:00:00,2026-02-10,16:00:00,79.09,79.24,78.6,78.71,4069.0
2026-02-11 07:00:00,2026-02-11,07:00:00,78.85,78.87,76.5,77.3,6529.0
2026-02-11 08:00:00,2026-02-11,08:00:00,77.3,77.4,76.1,76.55,6975.0
2026-02-11 09:00:00,2026-02-11,09:00:00,76.54,77.75,76.43,77.73,6100.0
2026-02-11 10:00:00,2026-02-11,10:00:00,77.72,78.0,77.24,77.88,3611.0
2026-02-11 11:00:00,2026-02-11,11:00:00,77.87,78.07,77.57,78.07,2192.0
2026-02-11 12:00:00,2026-02-11,12:00:00,78.06,78.35,77.35,77.5,3271.0
2026-02-11 13:00:00,2026-02-11,13:00:00,77.55,78.4,77.21,78.35,3509.0
2026-02-11 14:00:00,2026-02-11,14:00:00,78.35,78.55,77.65,77.87,3226.0
2026-02-11 15:00:00,2026-02-11,15:00:00,77.87,77.96,77.27,77.53,3085.0
2026-02-11 16:00:00,2026-02-11,16:00:00,77.52,79.15,77.48,79.0,5163.0
2026-02-12 07:00:00,2026-02-12,07:00:00,77.5,77.5,75.17,75.56,9240.0
2026-02-12 08:00:00,2026-02-12,08:00:00,75.55,75.56,72.7,73.16,12971.0
2026-02-12 09:00:00,2026-02-12,09:00:00,73.15,73.58,72.4,72.85,9599.0
2026-02-12 10:00:00,2026-02-12,10:00:00,72.85,73.64,72.18,72.89,10691.0
2026-02-12 11:00:00,2026-02-12,11:00:00,72.91,73.22,72.25,72.94,5075.0
2026-02-12 12:00:00,2026-02-12,12:00:00,72.93,74.01,72.9,73.69,4668.0
2026-02-12 13:00:00,2026-02-12,13:00:00,73.69,73.7,72.93,73.26,3430.0
2026-02-12 14:00:00,2026-02-12,14:00:00,73.27,73.32,72.47,72.5,4336.0
2026-02-12 15:00:00,2026-02-12,15:00:00,72.47,72.59,72.0,72.21,5654.0
2026-02-12 16:00:00,2026-02-12,16:00:00,72.22,73.11,72.11,72.84,6613.0
2026-02-13 07:00:00,2026-02-13,07:00:00,72.0,74.26,72.0,72.74,8283.0
2026-02-13 08:00:00,2026-02-13,08:00:00,72.74,73.4,72.34,73.24,4545.0
2026-02-13 09:00:00,2026-02-13,09:00:00,73.24,73.41,72.23,72.56,4594.0
2026-02-13 10:00:00,2026-02-13,10:00:00,72.55,72.63,71.02,72.55,10104.0
2026-02-13 11:00:00,2026-02-13,11:00:00,72.52,72.9,71.77,72.14,4063.0
2026-02-13 12:00:00,2026-02-13,12:00:00,72.1,72.4,71.72,71.79,2986.0
2026-02-13 13:00:00,2026-02-13,13:00:00,71.79,72.25,71.55,71.8,3056.0
2026-02-13 14:00:00,2026-02-13,14:00:00,71.8,72.0,70.87,70.97,4633.0
2026-02-13 15:00:00,2026-02-13,15:00:00,70.96,71.12,70.55,70.72,5759.0
2026-02-13 16:00:00,2026-02-13,16:00:00,70.74,71.05,70.55,70.6,5436.0
2026-02-16 07:00:00,2026-02-16,07:00:00,70.1,71.24,69.81,70.77,4117.0
2026-02-16 08:00:00,2026-02-16,08:00:00,70.78,71.44,70.38,71.0,3478.0
2026-02-16 09:00:00,2026-02-16,09:00:00,71.02,71.55,70.88,71.31,3827.0
2026-02-16 10:00:00,2026-02-16,10:00:00,71.34,71.45,70.93,71.12,2230.0
2026-02-16 11:00:00,2026-02-16,11:00:00,71.1,71.23,70.63,70.75,1701.0
2026-02-16 12:00:00,2026-02-16,12:00:00,70.71,70.78,69.2,69.32,6023.0
2026-02-16 13:00:00,2026-02-16,13:00:00,69.3,69.4,68.11,68.91,5909.0
2026-02-16 14:00:00,2026-02-16,14:00:00,68.96,69.05,68.31,68.99,3965.0
2026-02-16 15:00:00,2026-02-16,15:00:00,69.0,69.14,68.58,68.9,2920.0
2026-02-16 16:00:00,2026-02-16,16:00:00,68.88,69.62,68.85,69.07,5044.0
2026-02-17 07:00:00,2026-02-17,07:00:00,69.0,69.35,68.57,68.77,2140.0
2026-02-17 08:00:00,2026-02-17,08:00:00,68.77,69.94,68.73,69.7,4061.0
2026-02-17 09:00:00,2026-02-17,09:00:00,69.67,69.81,69.0,69.03,3187.0
2026-02-17 10:00:00,2026-02-17,10:00:00,69.04,69.94,69.04,69.53,2974.0
2026-02-17 11:00:00,2026-02-17,11:00:00,69.52,69.76,69.09,69.7,1933.0
2026-02-17 12:00:00,2026-02-17,12:00:00,69.68,70.0,69.35,69.51,1533.0
2026-02-17 13:00:00,2026-02-17,13:00:00,69.53,71.22,69.53,70.69,6263.0
2026-02-17 14:00:00,2026-02-17,14:00:00,70.65,70.68,69.8,70.05,3527.0
2026-02-17 15:00:00,2026-02-17,15:00:00,70.05,70.39,69.68,69.83,2413.0
2026-02-17 16:00:00,2026-02-17,16:00:00,69.85,70.34,69.75,69.93,2975.0
2026-02-18 07:00:00,2026-02-18,07:00:00,69.93,70.15,69.13,69.32,2109.0
2026-02-18 08:00:00,2026-02-18,08:00:00,69.31,69.46,68.73,68.92,3416.0
2026-02-18 09:00:00,2026-02-18,09:00:00,68.91,70.61,68.85,70.39,5552.0
2026-02-18 10:00:00,2026-02-18,10:00:00,70.4,70.64,70.1,70.31,2961.0
2026-02-18 11:00:00,2026-02-18,11:00:00,70.31,70.64,69.8,70.1,2413.0
2026-02-18 12:00:00,2026-02-18,12:00:00,70.13,70.7,70.0,70.15,2919.0
2026-02-18 13:00:00,2026-02-18,13:00:00,70.19,70.94,70.11,70.18,3246.0
2026-02-18 14:00:00,2026-02-18,14:00:00,70.19,71.83,70.18,71.67,4553.0
2026-02-18 15:00:00,2026-02-18,15:00:00,71.66,71.95,71.14,71.55,3311.0
2026-02-18 16:00:00,2026-02-18,16:00:00,71.57,72.15,71.38,72.03,3256.0
2026-02-19 07:00:00,2026-02-19,07:00:00,71.88,72.88,71.05,72.38,3996.0
2026-02-19 08:00:00,2026-02-19,08:00:00,72.39,72.44,71.32,72.05,4282.0
2026-02-19 09:00:00,2026-02-19,09:00:00,72.07,72.08,71.45,71.77,4391.0
2026-02-19 10:00:00,2026-02-19,10:00:00,71.8,72.69,71.76,72.17,5251.0
2026-02-19 11:00:00,2026-02-19,11:00:00,72.18,72.25,71.45,71.5,2798.0
2026-02-19 12:00:00,2026-02-19,12:00:00,71.5,71.69,71.09,71.35,3001.0
2026-02-19 13:00:00,2026-02-19,13:00:00,71.34,71.93,71.19,71.87,2130.0
2026-02-19 14:00:00,2026-02-19,14:00:00,71.87,72.38,71.64,71.88,3230.0
2026-02-19 15:00:00,2026-02-19,15:00:00,71.88,72.03,71.56,71.59,3020.0
2026-02-19 16:00:00,2026-02-19,16:00:00,71.6,71.69,71.21,71.23,2605.0
2026-02-20 07:00:00,2026-02-20,07:00:00,71.4,71.9,71.2,71.31,1190.0
2026-02-20 08:00:00,2026-02-20,08:00:00,71.27,71.65,71.14,71.37,1791.0
2026-02-20 09:00:00,2026-02-20,09:00:00,71.37,72.45,71.27,72.29,2840.0
2026-02-20 10:00:00,2026-02-20,10:00:00,72.27,72.93,72.08,72.66,2992.0
2026-02-20 11:00:00,2026-02-20,11:00:00,72.66,73.62,72.66,73.3,2400.0
2026-02-20 12:00:00,2026-02-20,12:00:00,73.3,74.27,73.21,73.65,2829.0
2026-02-20 13:00:00,2026-02-20,13:00:00,73.66,74.26,73.61,73.9,2674.0
2026-02-20 14:00:00,2026-02-20,14:00:00,73.88,74.36,73.7,73.97,2804.0
2026-02-20 15:00:00,2026-02-20,15:00:00,74.02,74.5,73.84,73.88,2878.0
2026-02-20 16:00:00,2026-02-20,16:00:00,73.88,73.96,73.17,73.5,3237.0
2026-02-23 07:00:00,2026-02-23,07:00:00,73.06,73.49,72.56,72.66,2027.0
2026-02-23 08:00:00,2026-02-23,08:00:00,72.69,73.7,72.57,73.01,2553.0
2026-02-23 09:00:00,2026-02-23,09:00:00,73.02,73.25,72.1,72.3,3081.0
2026-02-23 10:00:00,2026-02-23,10:00:00,72.31,72.35,71.34,71.43,5308.0
2026-02-23 11:00:00,2026-02-23,11:00:00,71.43,71.77,71.27,71.74,2262.0
2026-02-23 12:00:00,2026-02-23,12:00:00,71.73,71.81,71.38,71.41,1738.0
2026-02-23 13:00:00,2026-02-23,13:00:00,71.41,71.74,71.36,71.68,1958.0
2026-02-23 14:00:00,2026-02-23,14:00:00,71.67,72.18,71.52,71.89,2637.0
2026-02-23 15:00:00,2026-02-23,15:00:00,71.91,72.09,71.5,71.53,2018.0
2026-02-23 16:00:00,2026-02-23,16:00:00,71.54,71.7,71.27,71.66,2799.0
2026-02-24 07:00:00,2026-02-24,07:00:00,71.5,71.93,71.2,71.25,1732.0
2026-02-24 08:00:00,2026-02-24,08:00:00,71.24,71.37,70.69,70.86,3541.0
2026-02-24 09:00:00,2026-02-24,09:00:00,70.85,71.3,70.76,71.11,3372.0
2026-02-24 10:00:00,2026-02-24,10:00:00,71.12,71.35,70.5,70.61,3093.0
2026-02-24 11:00:00,2026-02-24,11:00:00,70.64,70.87,70.37,70.78,1591.0
2026-02-24 12:00:00,2026-02-24,12:00:00,70.78,70.8,70.15,70.52,1930.0
2026-02-24 13:00:00,2026-02-24,13:00:00,70.51,71.17,70.51,71.04,1878.0
2026-02-24 14:00:00,2026-02-24,14:00:00,71.06,71.17,70.71,70.82,2201.0
2026-02-24 15:00:00,2026-02-24,15:00:00,70.82,71.09,70.52,70.68,1787.0
2026-02-24 16:00:00,2026-02-24,16:00:00,70.69,71.17,70.41,71.0,2771.0
2026-02-25 07:00:00,2026-02-25,07:00:00,70.79,71.9,70.79,71.1,1956.0
2026-02-25 08:00:00,2026-02-25,08:00:00,71.1,72.0,70.84,71.94,2958.0
2026-02-25 09:00:00,2026-02-25,09:00:00,71.92,72.87,71.81,72.53,4126.0
2026-02-25 10:00:00,2026-02-25,10:00:00,72.46,72.97,72.46,72.64,2519.0
2026-02-25 11:00:00,2026-02-25,11:00:00,72.66,72.66,72.27,72.48,1009.0
2026-02-25 12:00:00,2026-02-25,12:00:00,72.44,72.89,72.4,72.57,1517.0
2026-02-25 13:00:00,2026-02-25,13:00:00,72.56,72.78,72.07,72.74,2195.0
2026-02-25 14:00:00,2026-02-25,14:00:00,72.72,72.75,72.16,72.28,1665.0
2026-02-25 15:00:00,2026-02-25,15:00:00,72.25,72.66,72.18,72.56,1267.0
2026-02-25 16:00:00,2026-02-25,16:00:00,72.54,72.7,72.47,72.63,1592.0
2026-02-26 07:00:00,2026-02-26,07:00:00,72.39,72.52,72.12,72.44,1156.0
2026-02-26 08:00:00,2026-02-26,08:00:00,72.39,72.53,71.19,71.21,3931.0
2026-02-26 09:00:00,2026-02-26,09:00:00,71.22,71.29,69.25,69.73,12541.0
2026-02-26 10:00:00,2026-02-26,10:00:00,69.73,70.42,69.56,70.3,4362.0
2026-02-26 11:00:00,2026-02-26,11:00:00,70.3,70.7,70.1,70.2,2620.0
2026-02-26 12:00:00,2026-02-26,12:00:00,70.15,70.36,70.05,70.25,1510.0
2026-02-26 13:00:00,2026-02-26,13:00:00,70.25,70.89,70.2,70.76,2330.0
2026-02-26 14:00:00,2026-02-26,14:00:00,70.8,71.2,70.65,70.75,2817.0
2026-02-26 15:00:00,2026-02-26,15:00:00,70.77,71.15,70.7,70.79,2250.0
2026-02-26 16:00:00,2026-02-26,16:00:00,70.79,71.07,70.77,71.0,1947.0
2026-02-27 07:00:00,2026-02-27,07:00:00,70.9,71.85,70.78,71.11,1662.0
2026-02-27 08:00:00,2026-02-27,08:00:00,71.06,71.5,70.8,71.16,1875.0
2026-02-27 09:00:00,2026-02-27,09:00:00,71.17,71.75,71.1,71.52,1980.0
2026-02-27 10:00:00,2026-02-27,10:00:00,71.55,71.75,71.02,71.1,1752.0
2026-02-27 11:00:00,2026-02-27,11:00:00,71.14,71.27,70.78,71.13,1464.0
2026-02-27 12:00:00,2026-02-27,12:00:00,71.08,71.9,70.97,71.69,2054.0
2026-02-27 13:00:00,2026-02-27,13:00:00,71.68,71.9,71.4,71.67,1702.0
2026-02-27 14:00:00,2026-02-27,14:00:00,71.65,71.9,71.1,71.21,1538.0
2026-02-27 15:00:00,2026-02-27,15:00:00,71.18,71.3,70.2,70.3,4127.0
2026-02-27 16:00:00,2026-02-27,16:00:00,70.28,70.37,69.8,69.85,3233.0
2026-03-02 07:00:00,2026-03-02,07:00:00,68.7,71.2,67.9,69.81,10185.0
2026-03-02 08:00:00,2026-03-02,08:00:00,69.81,70.3,69.33,69.95,4794.0
2026-03-02 09:00:00,2026-03-02,09:00:00,69.93,70.18,69.59,69.62,3259.0
2026-03-02 10:00:00,2026-03-02,10:00:00,69.6,70.14,69.6,69.77,3507.0
2026-03-02 11:00:00,2026-03-02,11:00:00,69.75,69.9,69.02,69.17,2917.0
2026-03-02 12:00:00,2026-03-02,12:00:00,69.17,70.0,68.72,69.4,6371.0
2026-03-02 13:00:00,2026-03-02,13:00:00,69.37,70.48,69.37,70.26,5207.0
2026-03-02 14:00:00,2026-03-02,14:00:00,70.26,70.46,69.71,69.75,3889.0
2026-03-02 15:00:00,2026-03-02,15:00:00,69.78,70.48,69.72,70.36,3160.0
2026-03-02 16:00:00,2026-03-02,16:00:00,70.36,70.72,70.14,70.31,2825.0
2026-03-03 07:00:00,2026-03-03,07:00:00,70.1,70.46,69.5,69.78,3300.0
2026-03-03 08:00:00,2026-03-03,08:00:00,69.8,70.44,69.6,69.91,3702.0
2026-03-03 09:00:00,2026-03-03,09:00:00,69.9,70.6,69.72,70.37,4408.0
2026-03-03 10:00:00,2026-03-03,10:00:00,70.4,73.45,70.15,73.17,11043.0
2026-03-03 11:00:00,2026-03-03,11:00:00,73.11,74.31,72.9,73.99,6162.0
2026-03-03 12:00:00,2026-03-03,12:00:00,73.9,74.84,73.45,73.94,6021.0
2026-03-03 13:00:00,2026-03-03,13:00:00,73.97,73.99,73.25,73.51,3479.0
2026-03-03 14:00:00,2026-03-03,14:00:00,73.56,74.27,73.41,73.71,3455.0
2026-03-03 15:00:00,2026-03-03,15:00:00,73.67,73.81,73.02,73.08,2800.0
2026-03-03 16:00:00,2026-03-03,16:00:00,73.1,73.86,73.05,73.85,3291.0
2026-03-04 07:00:00,2026-03-04,07:00:00,73.35,73.8,72.05,72.42,3549.0
2026-03-04 08:00:00,2026-03-04,08:00:00,72.35,73.2,72.33,72.69,2972.0
2026-03-04 09:00:00,2026-03-04,09:00:00,72.69,72.95,72.0,72.29,2759.0
2026-03-04 10:00:00,2026-03-04,10:00:00,72.27,72.61,71.25,71.73,4899.0
2026-03-04 11:00:00,2026-03-04,11:00:00,71.74,71.77,70.71,70.77,3869.0
2026-03-04 12:00:00,2026-03-04,12:00:00,70.77,71.22,70.56,70.84,3113.0
2026-03-04 13:00:00,2026-03-04,13:00:00,70.83,71.03,70.36,70.75,3417.0
2026-03-04 14:00:00,2026-03-04,14:00:00,70.75,71.0,70.5,70.77,2671.0
2026-03-04 15:00:00,2026-03-04,15:00:00,70.77,71.29,70.61,70.8,2915.0
2026-03-04 16:00:00,2026-03-04,16:00:00,70.78,70.96,70.26,70.39,3133.0
2026-03-05 07:00:00,2026-03-05,07:00:00,70.39,70.89,69.65,69.99,3034.0
2026-03-05 08:00:00,2026-03-05,08:00:00,69.97,70.27,69.85,70.15,2207.0
2026-03-05 09:00:00,2026-03-05,09:00:00,70.15,70.7,69.98,70.4,3276.0
2026-03-05 10:00:00,2026-03-05,10:00:00,70.44,70.56,70.03,70.49,2302.0
2026-03-05 11:00:00,2026-03-05,11:00:00,70.49,70.61,70.05,70.31,1704.0
2026-03-05 12:00:00,2026-03-05,12:00:00,70.3,70.82,70.29,70.32,2450.0
2026-03-05 13:00:00,2026-03-05,13:00:00,70.31,70.39,69.54,69.55,4069.0
2026-03-05 14:00:00,2026-03-05,14:00:00,69.54,70.47,69.53,70.26,2977.0
2026-03-05 15:00:00,2026-03-05,15:00:00,70.27,70.82,69.88,70.55,2831.0
2026-03-05 16:00:00,2026-03-05,16:00:00,70.56,70.79,70.22,70.78,2384.0
2026-03-06 07:00:00,2026-03-06,07:00:00,70.69,70.69,70.07,70.13,1095.0
2026-03-06 08:00:00,2026-03-06,08:00:00,70.13,70.71,69.88,70.43,1680.0
2026-03-06 09:00:00,2026-03-06,09:00:00,70.44,71.27,70.44,70.94,4129.0
2026-03-06 10:00:00,2026-03-06,10:00:00,70.91,71.25,70.75,70.95,2419.0
2026-03-06 11:00:00,2026-03-06,11:00:00,70.91,71.38,70.64,71.38,2029.0
2026-03-06 12:00:00,2026-03-06,12:00:00,71.34,71.73,71.11,71.54,2191.0
2026-03-06 13:00:00,2026-03-06,13:00:00,71.57,71.59,71.09,71.19,1522.0
2026-03-06 14:00:00,2026-03-06,14:00:00,71.13,71.29,70.32,70.52,3058.0
2026-03-06 15:00:00,2026-03-06,15:00:00,70.52,70.75,70.35,70.38,2104.0
2026-03-06 16:00:00,2026-03-06,16:00:00,70.37,70.73,70.04,70.19,3260.0
2026-03-09 07:00:00,2026-03-09,07:00:00,69.97,70.31,69.2,69.96,3874.0
2026-03-09 08:00:00,2026-03-09,08:00:00,69.95,70.58,69.66,70.53,3462.0
2026-03-09 09:00:00,2026-03-09,09:00:00,70.49,70.58,69.95,70.12,3227.0
2026-03-09 10:00:00,2026-03-09,10:00:00,70.11,70.57,69.95,70.14,2716.0
2026-03-09 11:00:00,2026-03-09,11:00:00,70.14,70.27,69.75,70.07,1723.0
2026-03-09 12:00:00,2026-03-09,12:00:00,70.08,70.94,70.06,70.67,2820.0
2026-03-09 13:00:00,2026-03-09,13:00:00,70.68,70.76,70.2,70.46,2512.0
2026-03-09 14:00:00,2026-03-09,14:00:00,70.49,70.94,70.33,70.56,2668.0
2026-03-09 15:00:00,2026-03-09,15:00:00,70.56,70.73,70.45,70.52,1937.0
2026-03-09 16:00:00,2026-03-09,16:00:00,70.5,71.3,70.48,71.23,4012.0
2026-03-10 07:00:00,2026-03-10,07:00:00,71.19,73.44,71.0,72.54,5046.0
2026-03-10 08:00:00,2026-03-10,08:00:00,72.53,72.75,72.18,72.52,2594.0
2026-03-10 09:00:00,2026-03-10,09:00:00,72.54,72.75,72.27,72.53,2295.0
2026-03-10 10:00:00,2026-03-10,10:00:00,72.53,73.25,72.53,72.95,3517.0
2026-03-10 11:00:00,2026-03-10,11:00:00,72.98,73.12,72.58,72.65,1692.0
2026-03-10 12:00:00,2026-03-10,12:00:00,72.65,72.85,72.22,72.6,1950.0
2026-03-10 13:00:00,2026-03-10,13:00:00,72.59,72.74,72.27,72.62,2097.0
2026-03-10 14:00:00,2026-03-10,14:00:00,72.61,73.25,72.39,72.39,2515.0
2026-03-10 15:00:00,2026-03-10,15:00:00,72.39,72.86,72.38,72.82,1686.0
2026-03-10 16:00:00,2026-03-10,16:00:00,72.85,73.55,72.78,73.51,3047.0
2026-03-11 07:00:00,2026-03-11,07:00:00,73.65,73.65,72.82,73.03,1479.0
2026-03-11 08:00:00,2026-03-11,08:00:00,73.03,74.48,72.9,74.1,4067.0
2026-03-11 09:00:00,2026-03-11,09:00:00,74.08,74.33,73.6,74.02,2618.0
2026-03-11 10:00:00,2026-03-11,10:00:00,73.98,74.01,73.29,73.56,2414.0
2026-03-11 11:00:00,2026-03-11,11:00:00,73.54,73.7,73.01,73.1,1603.0
2026-03-11 12:00:00,2026-03-11,12:00:00,73.07,73.3,72.45,72.58,3031.0
2026-03-11 13:00:00,2026-03-11,13:00:00,72.6,72.77,71.6,71.7,4145.0
2026-03-11 14:00:00,2026-03-11,14:00:00,71.72,72.16,71.36,71.95,2795.0
2026-03-11 15:00:00,2026-03-11,15:00:00,71.95,71.97,71.5,71.71,1364.0
2026-03-11 16:00:00,2026-03-11,16:00:00,71.74,71.98,71.64,71.84,1481.0
2026-03-12 07:00:00,2026-03-12,07:00:00,71.87,72.1,71.44,72.04,1509.0
2026-03-12 08:00:00,2026-03-12,08:00:00,72.01,72.48,71.84,72.29,1694.0
2026-03-12 09:00:00,2026-03-12,09:00:00,72.27,72.61,72.19,72.28,2366.0
2026-03-12 10:00:00,2026-03-12,10:00:00,72.33,72.36,71.55,72.03,2824.0
2026-03-12 11:00:00,2026-03-12,11:00:00,72.06,72.09,71.51,71.88,1588.0
2026-03-12 12:00:00,2026-03-12,12:00:00,71.86,72.18,71.51,71.69,1622.0
2026-03-12 13:00:00,2026-03-12,13:00:00,71.69,72.22,68.7,69.26,11257.0
2026-03-12 14:00:00,2026-03-12,14:00:00,69.28,70.42,69.15,69.28,8420.0
2026-03-12 15:00:00,2026-03-12,15:00:00,69.28,69.46,68.78,69.15,4410.0
2026-03-12 16:00:00,2026-03-12,16:00:00,69.12,69.2,67.82,68.04,7074.0
2026-03-13 07:00:00,2026-03-13,07:00:00,68.5,68.5,67.66,67.92,2743.0
2026-03-13 08:00:00,2026-03-13,08:00:00,67.92,68.5,67.6,68.17,2916.0
2026-03-13 09:00:00,2026-03-13,09:00:00,68.14,68.8,67.97,68.39,3140.0
2026-03-13 10:00:00,2026-03-13,10:00:00,68.36,68.79,67.84,68.39,2514.0
2026-03-13 11:00:00,2026-03-13,11:00:00,68.4,68.88,68.31,68.54,1703.0
2026-03-13 12:00:00,2026-03-13,12:00:00,68.56,68.92,68.45,68.83,1762.0
2026-03-13 13:00:00,2026-03-13,13:00:00,68.79,69.33,68.66,69.14,2673.0
2026-03-13 14:00:00,2026-03-13,14:00:00,69.13,69.48,69.0,69.33,2143.0
2026-03-13 15:00:00,2026-03-13,15:00:00,69.33,69.47,69.09,69.38,1555.0
2026-03-13 16:00:00,2026-03-13,16:00:00,69.4,69.48,69.01,69.19,2352.0
2026-03-16 07:00:00,2026-03-16,07:00:00,69.16,69.79,68.98,69.42,1317.0
2026-03-16 08:00:00,2026-03-16,08:00:00,69.36,69.58,69.22,69.31,1643.0
2026-03-16 09:00:00,2026-03-16,09:00:00,69.3,70.35,69.24,69.59,3057.0
2026-03-16 10:00:00,2026-03-16,10:00:00,69.61,70.29,69.57,70.05,2539.0
2026-03-16 11:00:00,2026-03-16,11:00:00,70.07,70.07,69.54,69.64,1073.0
2026-03-16 12:00:00,2026-03-16,12:00:00,69.65,69.98,69.38,69.38,1444.0
2026-03-16 13:00:00,2026-03-16,13:00:00,69.4,69.89,69.03,69.72,2079.0
2026-03-16 14:00:00,2026-03-16,14:00:00,69.72,69.95,69.62,69.7,1342.0
2026-03-16 15:00:00,2026-03-16,15:00:00,69.7,70.0,69.65,69.88,1217.0
2026-03-16 16:00:00,2026-03-16,16:00:00,69.9,69.95,68.38,68.73,6689.0
2026-03-17 07:00:00,2026-03-17,07:00:00,68.5,68.55,66.83,66.93,5133.0
2026-03-17 08:00:00,2026-03-17,08:00:00,66.9,67.2,66.32,66.84,5984.0
2026-03-17 09:00:00,2026-03-17,09:00:00,66.85,66.9,66.1,66.2,4042.0
2026-03-17 10:00:00,2026-03-17,10:00:00,66.2,66.56,65.2,65.57,6578.0
2026-03-17 11:00:00,2026-03-17,11:00:00,65.55,65.8,64.93,65.16,3604.0
2026-03-17 12:00:00,2026-03-17,12:00:00,65.2,65.73,64.98,65.62,3320.0
2026-03-17 13:00:00,2026-03-17,13:00:00,65.6,66.1,65.51,66.0,3895.0
2026-03-17 14:00:00,2026-03-17,14:00:00,66.01,66.44,65.81,65.93,2448.0
2026-03-17 15:00:00,2026-03-17,15:00:00,65.94,66.96,65.93,66.76,2693.0
2026-03-17 16:00:00,2026-03-17,16:00:00,66.76,66.86,66.35,66.71,2266.0
2026-03-18 07:00:00,2026-03-18,07:00:00,66.65,67.45,66.54,67.22,2025.0
2026-03-18 08:00:00,2026-03-18,08:00:00,67.22,67.45,66.12,66.57,2871.0
2026-03-18 09:00:00,2026-03-18,09:00:00,66.56,66.56,65.78,66.11,2988.0
2026-03-18 10:00:00,2026-03-18,10:00:00,66.11,66.33,65.8,65.89,2181.0
2026-03-18 11:00:00,2026-03-18,11:00:00,65.88,66.56,65.74,66.4,1963.0
2026-03-18 12:00:00,2026-03-18,12:00:00,66.42,67.09,66.0,66.79,3017.0
2026-03-18 13:00:00,2026-03-18,13:00:00,66.79,66.82,65.73,65.82,3896.0
2026-03-18 14:00:00,2026-03-18,14:00:00,65.84,66.8,65.72,65.72,3861.0
2026-03-18 15:00:00,2026-03-18,15:00:00,65.72,66.22,65.72,65.78,1853.0
2026-03-18 16:00:00,2026-03-18,16:00:00,65.76,66.35,65.73,66.11,2097.0
2026-03-19 07:00:00,2026-03-19,07:00:00,65.13,65.5,63.79,64.25,6039.0
2026-03-19 08:00:00,2026-03-19,08:00:00,64.25,64.6,63.6,63.64,4653.0
2026-03-19 09:00:00,2026-03-19,09:00:00,63.69,64.0,63.38,63.88,4655.0
2026-03-19 10:00:00,2026-03-19,10:00:00,63.93,64.18,63.1,63.56,4192.0
2026-03-19 11:00:00,2026-03-19,11:00:00,63.51,63.54,63.07,63.46,3088.0
2026-03-19 12:00:00,2026-03-19,12:00:00,63.46,63.94,63.37,63.65,3330.0
2026-03-19 13:00:00,2026-03-19,13:00:00,63.65,64.26,63.48,64.01,4323.0
2026-03-19 14:00:00,2026-03-19,14:00:00,63.95,64.06,63.5,63.58,2493.0
2026-03-19 15:00:00,2026-03-19,15:00:00,63.54,63.84,63.28,63.54,2271.0
2026-03-19 16:00:00,2026-03-19,16:00:00,63.54,63.75,63.47,63.72,2196.0
2026-03-20 07:00:00,2026-03-20,07:00:00,63.1,69.8,63.1,68.44,10427.0
2026-03-20 08:00:00,2026-03-20,08:00:00,68.41,69.3,68.23,69.22,4267.0
2026-03-20 09:00:00,2026-03-20,09:00:00,69.22,69.64,67.45,68.06,6197.0
2026-03-20 10:00:00,2026-03-20,10:00:00,68.04,68.15,66.7,67.24,4538.0
2026-03-20 11:00:00,2026-03-20,11:00:00,67.25,68.45,67.23,68.38,2863.0
2026-03-20 12:00:00,2026-03-20,12:00:00,68.31,68.36,67.19,67.35,2160.0
2026-03-20 13:00:00,2026-03-20,13:00:00,67.35,68.1,67.32,67.81,2065.0
2026-03-20 14:00:00,2026-03-20,14:00:00,67.79,67.98,67.4,67.66,1837.0
2026-03-20 15:00:00,2026-03-20,15:00:00,67.64,67.89,67.41,67.82,1959.0
2026-03-20 16:00:00,2026-03-20,16:00:00,67.84,67.88,67.41,67.46,2112.0
2026-03-23 07:00:00,2026-03-23,07:00:00,67.18,67.18,66.13,66.41,3031.0
2026-03-23 08:00:00,2026-03-23,08:00:00,66.4,66.5,65.72,66.09,2880.0
2026-03-23 09:00:00,2026-03-23,09:00:00,66.05,66.6,66.01,66.39,2047.0
2026-03-23 10:00:00,2026-03-23,10:00:00,66.4,67.56,66.01,66.83,3367.0
2026-03-23 11:00:00,2026-03-23,11:00:00,66.86,70.03,66.78,68.42,8024.0
2026-03-23 12:00:00,2026-03-23,12:00:00,68.39,69.15,68.27,68.87,1858.0
2026-03-23 13:00:00,2026-03-23,13:00:00,68.87,69.77,68.67,69.44,2664.0
2026-03-23 14:00:00,2026-03-23,14:00:00,69.42,69.57,68.66,68.93,1688.0
2026-03-23 15:00:00,2026-03-23,15:00:00,68.94,69.31,68.56,69.22,1767.0
2026-03-23 16:00:00,2026-03-23,16:00:00,69.22,69.49,69.0,69.46,1885.0
2026-03-24 07:00:00,2026-03-24,07:00:00,69.1,69.33,68.63,68.92,1591.0
2026-03-24 08:00:00,2026-03-24,08:00:00,68.96,69.25,68.4,68.66,1759.0
2026-03-24 09:00:00,2026-03-24,09:00:00,68.64,68.84,68.5,68.59,1703.0
2026-03-24 10:00:00,2026-03-24,10:00:00,68.58,69.83,68.28,69.55,4245.0
2026-03-24 11:00:00,2026-03-24,11:00:00,69.56,70.75,69.52,70.36,4117.0
2026-03-24 12:00:00,2026-03-24,12:00:00,70.37,71.25,70.3,71.08,2801.0
2026-03-24 13:00:00,2026-03-24,13:00:00,71.1,71.8,70.79,70.86,3697.0
2026-03-24 14:00:00,2026-03-24,14:00:00,70.9,71.06,70.65,70.82,1866.0
2026-03-24 15:00:00,2026-03-24,15:00:00,70.85,71.43,70.68,71.28,1820.0
2026-03-24 16:00:00,2026-03-24,16:00:00,71.28,71.5,71.13,71.46,1488.0
2026-03-25 07:00:00,2026-03-25,07:00:00,71.5,72.17,71.22,72.04,2185.0
2026-03-25 08:00:00,2026-03-25,08:00:00,72.06,73.16,72.01,72.44,3902.0
2026-03-25 09:00:00,2026-03-25,09:00:00,72.46,72.91,71.97,72.12,2265.0
2026-03-25 10:00:00,2026-03-25,10:00:00,72.14,72.39,71.8,71.94,1342.0
2026-03-25 11:00:00,2026-03-25,11:00:00,71.94,72.0,71.36,71.8,1324.0
2026-03-25 12:00:00,2026-03-25,12:00:00,71.8,71.85,71.44,71.54,1077.0
2026-03-25 13:00:00,2026-03-25,13:00:00,71.56,71.99,70.5,70.62,2730.0
2026-03-25 14:00:00,2026-03-25,14:00:00,70.62,70.93,68.51,69.69,10480.0
2026-03-25 15:00:00,2026-03-25,15:00:00,69.71,70.64,69.67,70.52,2767.0
2026-03-25 16:00:00,2026-03-25,16:00:00,70.57,71.41,70.56,71.2,1926.0
2026-03-26 07:00:00,2026-03-26,07:00:00,71.14,71.3,70.63,70.75,1355.0
2026-03-26 08:00:00,2026-03-26,08:00:00,70.73,71.11,70.51,70.74,2229.0
2026-03-26 09:00:00,2026-03-26,09:00:00,70.72,70.77,70.4,70.7,1637.0
2026-03-26 10:00:00,2026-03-26,10:00:00,70.73,71.99,70.64,71.62,3110.0
2026-03-26 11:00:00,2026-03-26,11:00:00,71.63,71.88,71.4,71.51,1225.0
2026-03-26 12:00:00,2026-03-26,12:00:00,71.49,71.68,71.36,71.47,1056.0
2026-03-26 13:00:00,2026-03-26,13:00:00,71.48,72.25,71.46,72.18,1779.0
2026-03-26 14:00:00,2026-03-26,14:00:00,72.16,72.75,72.04,72.1,2421.0
2026-03-26 15:00:00,2026-03-26,15:00:00,72.08,72.12,71.35,71.62,1897.0
2026-03-26 16:00:00,2026-03-26,16:00:00,71.61,71.75,71.31,71.37,1292.0
2026-03-27 07:00:00,2026-03-27,07:00:00,71.34,71.86,71.14,71.55,894.0
2026-03-27 08:00:00,2026-03-27,08:00:00,71.57,72.22,71.33,72.14,2156.0
2026-03-27 09:00:00,2026-03-27,09:00:00,72.11,72.11,71.59,71.84,1904.0
2026-03-27 10:00:00,2026-03-27,10:00:00,71.87,72.47,71.83,72.14,1702.0
2026-03-27 11:00:00,2026-03-27,11:00:00,72.13,72.16,71.55,71.61,1357.0
2026-03-27 12:00:00,2026-03-27,12:00:00,71.62,71.62,71.11,71.42,2306.0
2026-03-27 13:00:00,2026-03-27,13:00:00,71.42,71.92,71.31,71.66,1695.0
2026-03-27 14:00:00,2026-03-27,14:00:00,71.65,72.15,71.5,71.91,1114.0
2026-03-27 15:00:00,2026-03-27,15:00:00,71.89,72.08,71.39,71.97,1363.0
2026-03-27 16:00:00,2026-03-27,16:00:00,71.97,72.0,71.49,71.56,1535.0
